service_id,monday,tuesday,wednesday,thursday,friday,saturday,sunday,start_date,end_date
120_20251214,1,1,1,1,1,1,0,20251214,20261212
121_20251214,1,1,1,1,1,1,1,20251214,20261212
122_20251214,1,1,1,1,1,1,1,20251214,20261212
123_20251214,1,1,1,1,1,1,0,20251214,20261212
124_20251214,1,1,1,1,1,1,1,20251214,20261212
125_20251214,1,1,1,1,1,1,0,20251214,20261212
126_20251214,1,1,1,1,1,0,1,20251214,20261212
127_20251214,1,1,1,1,1,1,1,20251214,20261212
128_20260102,1,1,1,1,1,1,0,20260102,20261212
129_20260101,1,1,1,1,1,0,1,20260101,20261212
130_20260102,1,1,1,1,1,1,1,20260102,20261212
131_20260102,1,1,1,1,1,1,1,20260102,20261212
132_20251214,1,1,1,1,1,1,1,20251214,20261212
133_20251214,1,1,1,1,1,1,1,20251214,20261212
134_20251214,1,1,1,1,1,1,1,20251214,20261212
135_20251214,1,1,1,1,1,0,1,20251214,20261212
136_20260302,1,1,1,1,1,0,1,20260302,20261212
137_20260101,1,1,1,1,1,1,1,20260101,20261212
180_20260719,1,1,1,1,1,1,1,20260719,20261212
182_20260102,1,1,1,1,1,1,1,20260102,20261212
184_20260101,1,1,1,1,1,1,1,20260101,20261212
186_20260101,1,1,1,1,1,1,1,20260101,20261212
481_20260102,1,1,1,1,1,1,1,20260102,20261212
482_20260102,1,1,1,1,1,1,1,20260102,20261212
485_20251214,1,1,1,1,1,1,1,20251214,20261212
486_20251214,1,1,1,1,1,1,1,20251214,20261212
510_20260102,1,1,1,1,1,1,1,20260102,20261212
511_20260102,1,1,1,1,1,1,1,20260102,20261212
512_20251214,1,1,1,1,1,1,1,20251214,20261212
513_20251214,1,1,1,1,1,1,1,20251214,20261212
514_20260101,1,1,1,1,1,1,1,20260101,20261212
515_20260101,1,1,1,1,1,1,1,20260101,20261212
516_20251214,1,0,0,0,0,0,1,20251214,20261212
517_20251214,0,0,0,1,1,0,0,20251214,20261212
518_20251214,1,0,0,0,0,0,1,20251214,20261212
519_20251214,0,0,0,1,1,0,0,20251214,20261212
520_20260405,1,1,1,1,1,1,0,20260405,20261212
521_20260405,1,1,1,1,1,1,0,20260405,20261212
522_20251214,0,0,0,0,0,0,1,20251214,20261212
523_20251214,1,1,1,1,1,1,1,20251214,20261212
524_20251214,1,1,1,1,1,1,1,20251214,20261212
525_20251214,0,0,0,1,1,0,0,20251214,20261212
526_20251214,1,0,0,0,0,0,1,20251214,20261212
527_20251214,0,0,0,0,0,1,0,20251214,20261212
528_20260614,1,1,1,1,1,1,1,20260614,20261212
529_20260101,1,1,1,1,1,1,1,20260101,20261212
540_20260316,1,1,1,1,1,1,1,20260316,20261212
541_20260316,1,1,1,1,1,1,1,20260316,20261212
542_20260316,1,1,1,1,1,1,1,20260316,20261212
543_20260316,1,1,1,1,1,1,1,20260316,20261212
544_20260316,1,1,1,1,1,1,1,20260316,20261212
545_20260316,1,1,1,1,1,1,1,20260316,20261212
570_20260719,1,1,1,1,1,1,1,20260719,20261212
572_20260719,1,1,1,1,1,1,1,20260719,20261212
574_20260101,1,1,1,1,1,1,1,20260101,20261212
580_20251214,1,1,1,1,1,1,1,20251214,20261212
581_20251214,1,1,1,1,1,0,0,20251214,20261212
582_20251214,1,1,1,1,1,0,0,20251214,20261212
583_20251214,1,1,1,1,1,0,0,20251214,20261212
584_20251214,1,1,1,1,1,1,1,20251214,20261212
585_20251214,1,1,1,1,1,1,1,20251214,20261212
587_20251214,1,1,1,1,1,1,1,20251214,20261212
588_20260101,1,1,1,1,1,1,1,20260101,20261212
590_20251214,1,1,1,1,1,0,0,20251214,20261212
592_20251214,1,1,1,1,1,0,0,20251214,20261212
594_20251214,1,1,1,1,1,1,1,20251214,20261212
596_20251214,1,1,1,1,1,1,1,20251214,20261212
598_20260101,1,1,1,1,1,1,1,20260101,20261212
620_20251214,1,1,1,1,1,1,1,20251214,20261212
621_20251214,1,1,1,1,1,1,1,20251214,20261212
670_20260719,1,1,1,1,1,1,1,20260719,20261212
672_20251214,1,1,1,1,1,1,1,20251214,20261212
674_20260719,1,1,1,1,1,1,1,20260719,20261212
680_20251214,1,1,1,1,1,0,0,20251214,20261212
682_20251214,1,1,1,1,1,0,0,20251214,20261212
684_20251214,1,1,1,1,1,0,0,20251214,20261212
686_20251214,1,1,1,1,1,0,0,20251214,20261212
688_20260101,1,1,1,1,1,1,1,20260101,20261212
690_20251214,1,1,1,1,1,0,0,20251214,20261212
692_20251214,1,1,1,1,1,1,1,20251214,20261212
694_20251214,1,1,1,1,1,1,1,20251214,20261212
696_20260101,1,1,1,1,1,1,1,20260101,20261212
698_20251214,1,1,1,1,1,0,0,20251214,20261212
720_20251214,1,1,1,1,1,1,1,20251214,20261212
721_20251214,1,1,1,1,1,1,1,20251214,20261212
722_20251214,1,1,1,1,1,1,1,20251214,20261212
723_20260208,1,1,1,1,1,1,1,20260208,20261212
730_20260102,1,1,1,1,1,1,0,20260102,20261212
731_20260101,1,1,1,1,1,0,1,20260101,20261212
790_20251214,1,1,1,1,1,0,0,20251214,20261212
800_20260322,1,1,1,1,1,1,1,20260322,20261212
801_20260322,1,1,1,1,1,1,0,20260322,20261212
802_20260322,1,1,1,1,1,1,1,20260322,20261212
804_20260614,1,1,1,1,1,0,1,20260614,20261212
805_20260322,1,1,1,1,1,1,1,20260322,20261212
807_20260322,1,1,1,1,1,1,1,20260322,20261212
809_20260322,0,0,0,1,1,0,0,20260322,20261212
820_20251214,1,0,0,0,0,0,1,20251214,20261212
821_20251214,0,0,0,1,1,0,0,20251214,20261212
830_20260101,1,1,1,1,1,1,1,20260101,20260724
830_20260726,1,1,1,1,1,1,1,20260726,20261212
831_20260102,1,1,1,1,1,1,1,20260102,20260725
831_20260727,1,1,1,1,1,1,1,20260727,20261212
850_20260102,1,1,1,1,1,1,1,20260102,20261212
851_20260102,1,1,1,1,1,1,1,20260102,20261212
852_20251214,1,1,1,1,1,1,1,20251214,20261212
853_20260102,1,1,1,1,1,1,1,20260102,20261212
854_20251214,1,1,1,1,1,1,1,20251214,20261212
855_20251214,1,1,1,1,1,1,1,20251214,20261212
856_20260101,1,1,1,1,1,1,1,20260101,20261212
857_20251214,1,1,1,1,1,1,1,20251214,20261212
860_20260617,1,1,1,1,1,1,1,20260617,20261212
861_20260617,1,1,1,1,1,1,1,20260617,20261212
862_20260617,1,1,1,1,1,1,1,20260617,20261212
864_20260617,1,1,1,1,1,1,1,20260617,20261212
865_20260628,1,1,1,1,1,1,1,20260628,20261212
866_20260617,1,1,1,1,1,1,1,20260617,20261212
867_20260617,1,1,1,1,1,1,1,20260617,20261212
868_20260617,1,1,1,1,1,1,1,20260617,20261212
869_20260628,1,1,1,1,1,1,1,20260628,20261212
871_20260617,1,1,1,1,1,1,1,20260617,20261212
873_20260617,1,1,1,1,1,1,1,20260617,20261212
874_20260617,1,1,1,1,1,1,1,20260617,20261212
875_20260617,1,1,1,1,1,1,1,20260617,20261212
876_20260628,1,1,1,1,1,1,1,20260628,20261212
877_20260617,1,1,1,1,1,1,1,20260617,20261212
880_20260719,1,1,1,1,1,1,1,20260719,20261212
881_20260719,1,1,1,1,1,1,1,20260719,20261212
930_20251214,1,1,1,1,1,0,0,20251214,20261212
931_20251214,1,1,1,1,1,0,0,20251214,20261212
932_20251214,1,1,1,1,1,0,0,20251214,20261212
933_20251214,1,1,1,1,1,0,0,20251214,20261212
3000_20260102,1,1,1,1,1,1,1,20260102,20261212
3100_20260102,1,1,1,1,1,1,1,20260102,20261212
3101_20260102,1,1,1,1,1,1,0,20260102,20261212
3102_20260102,1,1,1,1,1,1,0,20260102,20261212
3103_20251214,1,1,1,1,1,0,0,20251214,20261212
3104_20251214,1,1,1,1,1,1,1,20251214,20261212
3105_20260101,1,1,1,1,1,1,1,20260101,20261212
3106_20251214,1,1,1,1,1,1,1,20251214,20261212
3200_20251214,1,1,1,1,1,1,1,20251214,20261212
3202_20260101,1,1,1,1,1,1,1,20260101,20261212
3300_20251214,1,1,1,1,1,1,1,20251214,20261212
3301_20260102,1,1,1,1,1,1,1,20260102,20261212
3302_20251214,1,1,1,1,1,0,0,20251214,20261212
3303_20251214,1,1,1,1,1,1,1,20251214,20261212
3304_20260719,1,1,1,1,1,1,1,20260719,20261212
3305_20251214,1,1,1,1,1,1,1,20251214,20261212
3307_20260719,1,1,1,1,1,1,1,20260719,20261212
3309_20260101,1,1,1,1,1,1,1,20260101,20261212
3400_20260712,1,1,1,1,1,1,0,20260712,20261212
3401_20260711,1,1,1,1,1,0,1,20260711,20261212
4000_20260617,1,1,1,1,1,1,1,20260617,20261212
4001_20260720,1,1,1,1,1,1,0,20260720,20260725
4001_20260726,0,0,0,0,0,0,1,20260726,20260726
4001_20260727,1,1,1,1,1,1,0,20260727,20260801
4001_20260802,0,0,0,0,0,0,1,20260802,20260802
4001_20260803,1,1,1,1,1,1,0,20260803,20260808
4001_20260809,0,0,0,0,0,0,1,20260809,20260809
4001_20260810,1,1,1,1,1,1,0,20260810,20260815
4001_20260816,0,0,0,0,0,0,1,20260816,20260816
4001_20260817,1,1,1,1,1,1,0,20260817,20260822
4001_20260823,0,0,0,0,0,0,1,20260823,20260823
4001_20260824,1,1,1,1,1,1,0,20260824,20260829
4001_20260830,0,0,0,0,0,0,1,20260830,20260830
4001_20260831,1,1,1,1,1,1,0,20260831,20260905
4001_20260906,1,1,1,1,1,1,1,20260906,20261212
4100_20260617,1,1,1,1,1,1,0,20260617,20261212
4101_20260617,1,1,1,1,1,1,0,20260617,20261212
4102_20260617,1,1,1,1,1,1,1,20260617,20261212
4103_20260617,1,1,1,1,1,1,1,20260617,20261212
4104_20260617,1,1,1,1,1,1,1,20260617,20261212
4105_20260617,1,1,1,1,1,1,1,20260617,20261212
4106_20260617,1,1,1,1,1,1,1,20260617,20261212
4107_20260617,1,1,1,1,1,1,1,20260617,20261212
4200_20260617,1,1,1,1,1,1,1,20260617,20261212
4400_20251214,1,1,1,1,1,0,0,20251214,20261212
4401_20260201,1,1,1,1,1,1,1,20260201,20261212
4402_20251214,1,1,1,1,1,1,0,20251214,20261212
4403_20251214,1,1,1,1,1,0,0,20251214,20261212
4404_20260102,1,1,1,1,1,1,1,20260102,20261212
4405_20251214,1,1,1,1,1,1,0,20251214,20261212
4406_20251214,1,1,1,1,1,1,0,20251214,20261212
4407_20260102,1,1,1,1,1,1,1,20260102,20261212
4408_20251214,1,1,1,1,1,1,1,20251214,20261212
4409_20251214,1,1,1,1,1,0,0,20251214,20261212
4410_20251214,1,1,1,1,1,1,1,20251214,20261212
4411_20251214,1,1,1,1,1,1,1,20251214,20261212
4412_20251214,1,1,1,1,1,0,0,20251214,20261212
4413_20251214,1,1,1,1,1,0,0,20251214,20261212
4414_20251214,1,1,1,1,1,1,1,20251214,20261212
4415_20251214,1,1,1,1,1,0,0,20251214,20261212
4416_20251214,1,1,1,1,1,1,0,20251214,20261212
4417_20251214,1,1,1,1,1,1,1,20251214,20261212
4418_20260102,1,1,1,1,1,1,1,20260102,20261212
4419_20251214,1,1,1,1,1,0,0,20251214,20261212
4420_20251214,1,1,1,1,1,1,1,20251214,20261212
4421_20251214,1,1,1,1,1,1,1,20251214,20261212
4422_20251214,1,1,1,1,1,1,1,20251214,20261212
4423_20251214,1,1,1,1,1,0,0,20251214,20261212
4424_20251214,1,1,1,1,1,0,0,20251214,20261212
4425_20251214,1,1,1,1,1,1,1,20251214,20261212
4426_20251214,1,1,1,1,1,1,1,20251214,20261212
4427_20251214,1,1,1,1,1,1,1,20251214,20261212
4428_20251214,1,1,1,1,1,1,1,20251214,20261212
4429_20251214,1,1,1,1,1,1,1,20251214,20261212
4430_20251214,1,1,1,1,1,1,1,20251214,20261212
4431_20251214,1,1,1,1,1,1,1,20251214,20261212
4432_20251214,1,1,1,1,1,1,1,20251214,20261212
4433_20260101,1,1,1,1,1,1,1,20260101,20261212
4434_20251214,1,1,1,1,1,0,0,20251214,20261212
4435_20260101,1,1,1,1,1,0,0,20260101,20261212
4436_20251214,1,1,1,1,1,1,1,20251214,20261212
4437_20260228,1,1,1,1,1,1,1,20260228,20261212
4438_20260101,1,1,1,1,1,0,0,20260101,20261212
4440_20260131,1,1,1,1,1,1,1,20260131,20261212
4500_20251214,1,1,1,1,1,0,0,20251214,20261212
4501_20251214,1,1,1,1,1,0,0,20251214,20261212
4502_20251214,1,1,1,1,1,1,0,20251214,20261212
4503_20251214,1,1,1,1,1,0,0,20251214,20261212
4504_20251214,1,1,1,1,1,0,0,20251214,20261212
4505_20260102,1,1,1,1,1,1,1,20260102,20261212
4506_20251214,1,1,1,1,1,1,1,20251214,20261212
4507_20260102,1,1,1,1,1,1,1,20260102,20261212
4508_20251214,1,1,1,1,1,1,1,20251214,20261212
4509_20251214,1,1,1,1,1,0,0,20251214,20261212
4510_20251214,1,1,1,1,1,1,1,20251214,20261212
4511_20251214,1,1,1,1,1,1,1,20251214,20261212
4512_20251214,1,1,1,1,1,1,1,20251214,20261212
4513_20251214,1,1,1,1,1,1,1,20251214,20261212
4514_20251214,1,1,1,1,1,0,0,20251214,20261212
4515_20251214,1,1,1,1,1,1,1,20251214,20261212
4516_20251214,1,1,1,1,1,1,1,20251214,20261212
4517_20251214,1,1,1,1,1,1,1,20251214,20261212
4518_20251214,1,1,1,1,1,1,1,20251214,20261212
4519_20251214,1,1,1,1,1,1,1,20251214,20261212
4520_20251214,1,1,1,1,1,0,1,20251214,20261212
4521_20251214,1,1,1,1,1,0,0,20251214,20261212
4523_20251214,1,1,1,1,1,1,1,20251214,20261212
4601_20251214,1,1,1,1,1,0,0,20251214,20261212
4603_20260102,1,1,1,1,1,1,1,20260102,20261212
4605_20251214,1,1,1,1,1,1,0,20251214,20261212
4607_20251214,1,1,1,1,1,0,0,20251214,20261212
4609_20251214,1,1,1,1,1,0,0,20251214,20261212
4611_20251214,1,1,1,1,1,1,1,20251214,20261212
4613_20251214,1,1,1,1,1,0,0,20251214,20261212
4615_20251214,1,1,1,1,1,0,0,20251214,20261212
4617_20251214,1,1,1,1,1,1,1,20251214,20260724
4617_20260726,1,1,1,1,1,1,1,20260726,20261212
4619_20251214,1,1,1,1,1,1,1,20251214,20261212
4621_20251214,1,1,1,1,1,0,0,20251214,20261212
4623_20251214,1,1,1,1,1,1,1,20251214,20261212
4625_20251214,1,1,1,1,1,0,0,20251214,20261212
4627_20251214,1,1,1,1,1,1,1,20251214,20261212
4629_20251214,1,1,1,1,1,1,1,20251214,20261212
4631_20251214,1,1,1,1,1,0,0,20251214,20261212
4633_20260101,1,1,1,1,1,1,1,20260101,20261212
4635_20251214,1,1,1,1,1,1,1,20251214,20261212
4650_20251214,1,1,1,1,1,1,0,20251214,20261212
4652_20260102,1,1,1,1,1,1,1,20260102,20261212
4654_20251214,1,1,1,1,1,0,0,20251214,20261212
4656_20251214,1,1,1,1,1,1,1,20251214,20261212
4658_20251214,1,1,1,1,1,0,0,20251214,20261212
4660_20251214,1,1,1,1,1,1,1,20251214,20261212
4662_20251214,1,1,1,1,1,0,0,20251214,20261212
4664_20251214,1,1,1,1,1,1,1,20251214,20261212
4666_20251214,1,1,1,1,1,0,0,20251214,20261212
4668_20251214,1,1,1,1,1,1,1,20251214,20260724
4668_20260726,1,1,1,1,1,1,1,20260726,20261212
4670_20251214,1,1,1,1,1,0,0,20251214,20261212
4672_20251214,1,1,1,1,1,1,1,20251214,20261212
4674_20251214,1,1,1,1,1,0,0,20251214,20261212
4676_20251214,1,1,1,1,1,1,1,20251214,20261212
4678_20251214,1,1,1,1,1,0,0,20251214,20261212
4680_20251214,1,1,1,1,1,1,1,20251214,20261212
4682_20251214,1,1,1,1,1,0,0,20251214,20261212
4684_20260101,1,1,1,1,1,1,1,20260101,20260724
4684_20260726,1,1,1,1,1,1,1,20260726,20261212
4801_20260719,1,1,1,1,1,0,0,20260719,20261212
4802_20260719,1,1,1,1,1,0,0,20260719,20261212
5100_20251214,1,1,1,1,1,0,0,20251214,20261212
5101_20251214,1,1,1,1,1,0,0,20251214,20261212
5102_20251214,1,1,1,1,1,0,0,20251214,20261212
5103_20251214,1,1,1,1,1,0,0,20251214,20261212
5104_20251214,1,1,1,1,1,1,0,20251214,20261212
5105_20251214,1,1,1,1,1,1,0,20251214,20261212
5106_20251214,1,1,1,1,1,0,0,20251214,20261212
5107_20251214,1,1,1,1,1,1,1,20251214,20261212
5108_20251214,1,1,1,1,1,0,0,20251214,20261212
5109_20251214,1,1,1,1,1,1,1,20251214,20261212
5110_20251214,1,1,1,1,1,1,1,20251214,20261212
5111_20260102,1,1,1,1,1,1,1,20260102,20261212
5112_20260102,1,1,1,1,1,1,1,20260102,20261212
5113_20251214,1,1,1,1,1,1,1,20251214,20261212
5114_20251214,1,1,1,1,1,1,1,20251214,20261212
5115_20251214,1,1,1,1,1,1,1,20251214,20261212
5116_20251214,1,1,1,1,1,1,1,20251214,20261212
5117_20251214,1,1,1,1,1,1,1,20251214,20261212
5118_20251214,1,1,1,1,1,1,1,20251214,20261212
5119_20260101,1,1,1,1,1,1,1,20260101,20261212
5120_20260101,1,1,1,1,1,1,1,20260101,20261212
5121_20260101,1,1,1,1,1,1,1,20260101,20261212
5122_20251214,1,1,1,1,1,1,1,20251214,20261212
5200_20260102,1,1,1,1,1,1,0,20260102,20261212
5201_20260102,1,1,1,1,1,1,0,20260102,20261212
5202_20260102,1,1,1,1,1,1,1,20260102,20261212
5203_20260102,1,1,1,1,1,1,1,20260102,20261212
5204_20251214,1,1,1,1,1,1,1,20251214,20261212
5205_20251214,1,1,1,1,1,1,1,20251214,20261212
5206_20251214,1,1,1,1,1,1,1,20251214,20261212
5207_20260102,1,1,1,1,1,1,1,20260102,20261212
5208_20260102,1,1,1,1,1,1,1,20260102,20261212
5209_20251214,1,1,1,1,1,1,1,20251214,20261212
5210_20251214,1,1,1,1,1,1,1,20251214,20261212
5211_20251214,1,1,1,1,1,1,1,20251214,20261212
5212_20251214,1,1,1,1,1,1,1,20251214,20261212
5213_20251214,1,1,1,1,1,1,1,20251214,20261212
5214_20260101,1,1,1,1,1,1,1,20260101,20261212
5215_20260101,1,1,1,1,1,1,1,20260101,20261212
5400_20251214,1,1,1,1,1,1,0,20251214,20261212
5401_20251214,1,1,1,1,1,1,1,20251214,20261212
5402_20251214,1,1,1,1,1,1,1,20251214,20261212
5403_20251214,1,1,1,1,1,0,1,20251214,20261212
5404_20251214,1,1,1,1,1,1,0,20251214,20260724
5404_20260726,1,1,1,1,1,1,1,20260726,20261212
5405_20251214,1,1,1,1,1,1,1,20251214,20260724
5405_20260726,1,1,1,1,1,1,1,20260726,20261212
5410_20251214,1,0,0,0,0,0,1,20251214,20261212
5420_20251214,1,1,1,1,1,1,0,20251214,20261212
5421_20260102,1,1,1,1,1,1,1,20260102,20260725
5421_20260727,1,1,1,1,1,1,1,20260727,20261212
5422_20260102,1,1,1,1,0,1,1,20260102,20261212
5423_20260101,1,1,1,1,1,1,1,20260101,20261212
5424_20260101,1,1,1,1,1,1,1,20260101,20261212
5600_20260316,1,1,1,1,1,1,0,20260316,20261212
5601_20260316,1,1,1,1,1,1,1,20260316,20261212
5620_20260316,1,1,1,1,1,1,1,20260316,20261212
5621_20260316,1,1,1,1,1,1,1,20260316,20261212
5622_20260316,1,1,1,1,1,1,1,20260316,20261212
5623_20260316,1,1,1,1,1,1,1,20260316,20261212
5624_20260316,1,1,1,1,1,1,1,20260316,20261212
5625_20260316,1,1,1,1,1,1,1,20260316,20261212
5650_20251214,1,1,1,1,1,0,0,20251214,20261212
5653_20260101,1,1,1,1,1,1,1,20260101,20261212
5671_20260102,1,1,1,1,1,1,1,20260102,20261212
5672_20260102,1,1,1,1,1,1,1,20260102,20261212
5674_20251214,1,1,1,1,1,1,1,20251214,20261212
5675_20251214,1,1,1,1,1,1,1,20251214,20261212
5676_20260101,1,1,1,1,1,1,1,20260101,20261212
5677_20260101,1,1,1,1,1,1,1,20260101,20261212
5682_20251214,1,1,1,1,1,1,1,20251214,20260725
5682_20260727,1,1,1,1,1,1,1,20260727,20261212
5683_20260102,1,1,1,1,1,1,1,20260102,20261212
5684_20260101,1,1,1,1,1,1,1,20260101,20261212
5685_20251214,1,1,1,1,1,1,1,20251214,20261212
5700_20260719,1,1,0,0,0,1,1,20260719,20261212
5701_20260719,1,1,1,1,1,1,1,20260719,20261212
5702_20260719,1,1,1,1,1,1,0,20260719,20261212
5703_20260719,1,1,1,1,1,1,0,20260719,20261212
5704_20260719,1,1,1,1,1,1,1,20260719,20261212
5705_20260719,1,1,1,1,1,0,0,20260719,20261212
5706_20260719,1,1,1,1,1,0,0,20260719,20261212
5707_20260719,1,1,1,1,1,0,0,20260719,20261212
5708_20260719,1,1,1,1,1,1,1,20260719,20261212
5709_20260719,1,1,1,1,1,1,1,20260719,20261212
5710_20260719,1,1,1,1,1,1,1,20260719,20261212
5711_20260719,1,1,1,1,1,1,1,20260719,20261212
5712_20260719,1,1,1,1,1,1,1,20260719,20261212
5713_20260719,1,1,1,1,1,1,1,20260719,20261212
5714_20260719,1,1,0,0,0,1,1,20260719,20261212
5715_20260719,1,1,1,1,1,1,1,20260719,20261212
5716_20260719,1,1,1,1,1,1,1,20260719,20261212
5717_20260719,1,1,1,1,1,1,1,20260719,20261212
5800_20260719,1,1,0,0,0,1,1,20260719,20261212
5801_20260719,1,1,1,1,1,1,0,20260719,20261212
5802_20260719,1,1,1,1,1,1,1,20260719,20261212
5803_20260719,1,1,1,1,1,1,1,20260719,20261212
5804_20260719,1,1,0,0,0,1,1,20260719,20261212
5805_20260719,1,1,1,1,1,1,1,20260719,20261212
5900_20260719,1,1,1,1,1,1,0,20260719,20261212
5901_20260719,1,1,1,1,1,1,1,20260719,20261212
5902_20260719,1,1,1,1,1,1,1,20260719,20261212
5903_20260719,1,1,1,1,1,1,1,20260719,20261212
5904_20260719,1,1,1,1,1,1,1,20260719,20261212
5905_20260719,1,1,1,1,1,1,1,20260719,20261212
5906_20260719,1,1,1,1,1,0,0,20260719,20261212
5907_20260719,1,1,1,1,1,1,1,20260719,20261212
5908_20260719,1,1,1,1,1,1,1,20260719,20261212
5909_20260719,1,1,1,1,1,0,0,20260719,20261212
5910_20260719,1,1,1,1,1,0,0,20260719,20261212
5911_20260719,1,1,1,1,1,1,1,20260719,20261212
5912_20260719,1,1,1,1,1,0,0,20260719,20261212
5914_20260719,1,1,1,1,1,1,1,20260719,20261212
6450_20260322,1,1,1,1,1,1,1,20260322,20261212
6451_20260322,1,1,1,1,1,1,1,20260322,20261212
6455_20260614,1,1,1,1,1,1,1,20260614,20261212
6459_20260322,1,1,1,1,1,1,1,20260322,20261212
10540_20260711,1,1,1,1,1,1,1,20260711,20261212
10541_20260711,1,1,1,1,1,1,1,20260711,20261212
10542_20260711,1,1,1,1,1,1,1,20260711,20261212
10543_20260711,1,1,1,1,1,1,1,20260711,20261212
10544_20260711,1,1,1,1,1,1,1,20260711,20261212
10545_20260711,1,1,1,1,1,1,1,20260711,20261212
11540_20260316,1,1,1,1,1,1,1,20260316,20261212
11541_20260316,1,1,1,1,1,1,1,20260316,20261212
11542_20260316,1,1,1,1,1,1,1,20260316,20261212
11543_20260316,1,1,1,1,1,1,1,20260316,20261212
11544_20260316,1,1,1,1,1,1,1,20260316,20261212
11545_20260316,1,1,1,1,1,1,1,20260316,20261212
15150_20260625,1,1,1,1,1,0,0,20260625,20261212
15151_20260625,1,1,1,1,1,0,0,20260625,20261212
15152_20260625,1,1,0,0,0,1,1,20260625,20261212
15153_20251226,1,1,1,1,1,1,1,20251226,20261212
15154_20260625,1,1,1,1,1,0,0,20260625,20261212
15155_20251214,1,1,1,1,1,1,1,20251214,20261212
15156_20260625,1,1,1,1,1,0,0,20260625,20261212
15157_20260625,1,1,1,1,1,0,0,20260625,20261212
15158_20260625,1,1,1,1,1,0,0,20260625,20261212
15159_20251214,1,1,1,1,1,1,1,20251214,20261212
15160_20251214,1,1,1,1,1,1,1,20251214,20261212
15161_20260625,1,1,1,1,1,0,0,20260625,20261212
15162_20251214,1,1,1,1,1,1,1,20251214,20261212
15163_20251214,1,1,1,1,1,1,1,20251214,20261212
15164_20251214,1,1,1,1,1,1,1,20251214,20261212
15165_20251214,1,1,1,1,1,1,1,20251214,20261212
15166_20260625,1,1,1,1,1,0,0,20260625,20261212
15167_20251214,1,1,1,1,1,1,1,20251214,20261212
15168_20251214,1,1,1,1,1,1,1,20251214,20261212
15169_20260625,1,1,1,1,1,0,0,20260625,20261212
15170_20251214,1,1,1,1,1,1,1,20251214,20261212
15171_20251214,1,1,1,1,1,1,1,20251214,20261212
15172_20260625,1,1,1,1,1,0,0,20260625,20261212
15173_20260625,1,1,1,1,1,0,0,20260625,20261212
15174_20260625,1,1,0,0,0,1,1,20260625,20261212
15175_20260625,1,1,1,1,1,0,0,20260625,20261212
15176_20260625,1,1,1,1,1,0,0,20260625,20261212
15177_20251225,1,1,1,1,1,1,1,20251225,20261212
15178_20260625,1,1,1,1,1,0,0,20260625,20261212
15179_20260625,1,1,0,0,0,1,1,20260625,20261212
15180_20260625,1,1,0,0,0,1,1,20260625,20261212
15181_20260625,1,1,1,1,1,0,0,20260625,20261212
15182_20260625,1,1,1,1,1,0,0,20260625,20261212
15183_20260101,1,1,1,1,1,1,1,20260101,20261212
15184_20251225,1,1,1,1,1,1,1,20251225,20261212
15186_20260101,1,1,1,1,1,1,1,20260101,20261212
15200_20251226,1,1,1,1,1,1,1,20251226,20261212
15201_20260713,1,1,1,1,1,1,1,20260713,20261212
15202_20260625,1,1,1,1,1,1,0,20260625,20261212
15203_20260625,1,1,1,1,1,0,0,20260625,20261212
15204_20260625,1,1,1,1,1,0,0,20260625,20261212
15205_20251226,1,1,1,1,1,1,1,20251226,20261212
15206_20251226,1,1,1,1,1,1,1,20251226,20261212
15207_20260625,1,1,1,1,1,0,0,20260625,20261212
15208_20260625,1,1,1,1,1,0,0,20260625,20261212
15209_20251226,1,1,1,1,1,1,1,20251226,20261212
15210_20260625,1,1,0,0,0,1,1,20260625,20261212
15211_20260625,1,1,1,1,1,0,0,20260625,20261212
15212_20260625,1,1,1,1,1,0,0,20260625,20261212
15213_20251214,1,1,1,1,1,1,1,20251214,20261212
15214_20251214,1,1,1,1,1,1,1,20251214,20261212
15215_20251214,1,1,1,1,1,1,1,20251214,20261212
15217_20251214,1,1,1,1,1,1,1,20251214,20261212
15218_20251214,1,1,1,1,1,1,1,20251214,20261212
15219_20251214,1,1,1,1,1,1,1,20251214,20261212
15220_20251214,1,1,1,1,1,1,1,20251214,20261212
15221_20260625,1,1,1,1,1,0,0,20260625,20261212
15222_20251214,1,1,1,1,1,1,1,20251214,20261212
15223_20251214,1,1,1,1,1,1,1,20251214,20261212
15224_20251214,1,1,1,1,1,1,1,20251214,20261212
15225_20251214,1,1,1,1,1,1,1,20251214,20261212
15226_20251214,1,1,1,1,1,1,1,20251214,20261212
15227_20251214,1,1,1,1,1,1,1,20251214,20261212
15228_20260625,1,1,1,1,1,0,0,20260625,20261212
15229_20251214,1,1,1,1,1,1,1,20251214,20261212
15230_20251214,1,1,1,1,1,1,1,20251214,20261212
15231_20260625,1,1,1,1,1,0,0,20260625,20261212
15232_20251214,1,1,1,1,1,1,1,20251214,20261212
15233_20251214,1,1,1,1,1,1,1,20251214,20261212
15234_20251214,1,1,1,1,1,1,1,20251214,20261212
15235_20260625,1,1,1,1,1,0,0,20260625,20261212
15236_20251214,1,1,1,1,1,1,1,20251214,20261212
15237_20251214,1,1,1,1,1,1,1,20251214,20261212
15238_20260625,1,1,1,1,1,0,0,20260625,20261212
15239_20260625,1,1,1,1,1,0,0,20260625,20261212
15240_20251214,1,1,1,1,1,1,1,20251214,20260725
15240_20260726,1,1,1,1,1,1,1,20260726,20261212
15241_20251214,1,1,1,1,1,1,1,20251214,20261212
15242_20260625,1,1,1,1,1,0,0,20260625,20261212
15243_20251214,1,1,1,1,1,1,1,20251214,20261212
15244_20251214,1,1,1,1,1,1,1,20251214,20261212
15245_20251225,1,1,1,1,1,1,1,20251225,20261212
15246_20251225,1,1,1,1,1,1,1,20251225,20261212
15247_20251225,1,1,1,1,1,1,1,20251225,20261212
15248_20251225,1,1,1,1,1,1,1,20251225,20261212
15249_20260625,1,1,1,1,1,0,0,20260625,20261212
15250_20260625,0,0,0,0,0,1,1,20260625,20260724
15250_20260725,0,0,0,0,0,1,1,20260725,20260905
15250_20260906,1,1,0,0,0,1,1,20260906,20261212
15251_20260101,1,1,1,1,1,1,1,20260101,20261212
15252_20260625,1,1,1,1,1,0,0,20260625,20261212
15254_20260101,1,1,1,1,1,1,1,20260101,20261212
15270_20260102,1,1,1,1,1,1,1,20260102,20261212
15271_20260625,1,1,1,1,1,0,0,20260625,20261212
15272_20260101,1,1,1,1,1,1,1,20260101,20261212
15273_20260102,1,1,1,1,1,1,1,20260102,20261212
15275_20260125,1,1,1,1,1,1,1,20260125,20261212
15400_20260102,1,1,1,1,1,1,1,20260102,20260724
15400_20260725,1,1,1,1,1,1,1,20260725,20260905
15400_20260906,1,1,1,1,1,1,1,20260906,20261212
15401_20260625,1,1,1,1,1,0,0,20260625,20261212
15402_20260102,1,1,1,1,1,1,1,20260102,20261212
15403_20260625,1,1,1,1,1,0,0,20260625,20261212
15404_20260625,1,1,1,1,1,0,0,20260625,20261212
15405_20260625,1,1,1,1,1,0,0,20260625,20261212
15406_20251226,1,1,1,1,1,1,1,20251226,20261212
15407_20260625,1,1,1,1,1,0,0,20260625,20261212
15408_20260625,1,1,1,1,1,0,0,20260625,20261212
15409_20260625,1,1,1,1,1,0,0,20260625,20261212
15410_20260625,1,1,1,1,1,0,0,20260625,20261212
15411_20260625,1,1,1,1,1,0,0,20260625,20261212
15412_20260625,1,1,1,1,1,0,0,20260625,20261212
15413_20260625,1,1,1,1,1,0,0,20260625,20261212
15414_20260625,1,1,1,1,1,0,0,20260625,20261212
15415_20260625,1,1,1,1,1,0,0,20260625,20261212
15416_20260625,1,1,1,1,1,0,0,20260625,20261212
15417_20260625,1,1,1,1,1,0,0,20260625,20261212
15418_20260625,1,1,1,1,1,0,0,20260625,20261212
15419_20260625,1,1,1,1,1,0,0,20260625,20261212
15420_20260625,1,1,1,1,1,0,0,20260625,20261212
15421_20260625,1,1,1,1,1,0,0,20260625,20261212
15422_20260625,1,1,1,1,1,0,0,20260625,20261212
15423_20251214,1,1,1,1,1,1,1,20251214,20260725
15423_20260726,1,1,1,1,1,1,1,20260726,20261212
15424_20260625,1,1,1,1,1,0,0,20260625,20261212
15425_20260625,1,1,1,1,1,0,0,20260625,20261212
15426_20251225,1,1,1,1,1,1,1,20251225,20260725
15426_20260726,1,1,1,1,1,1,1,20260726,20261212
15427_20260625,1,1,1,1,1,0,0,20260625,20261212
15428_20260625,1,1,1,1,1,0,0,20260625,20261212
15429_20251214,1,1,1,1,1,1,1,20251214,20261212
15431_20260625,1,1,1,1,1,0,0,20260625,20261212
15433_20260625,1,1,1,1,1,0,0,20260625,20261212
15500_20251226,1,1,1,1,1,1,1,20251226,20261212
15501_20260621,1,1,1,1,1,1,1,20260621,20261212
15502_20260625,1,1,1,1,1,0,0,20260625,20261212
15503_20260402,1,1,1,1,1,1,1,20260402,20261212
15504_20260625,1,1,1,1,1,0,0,20260625,20261212
15505_20260625,1,1,1,1,1,1,0,20260625,20261212
15506_20260625,1,1,1,1,1,1,0,20260625,20261212
15507_20260625,1,1,1,1,1,0,0,20260625,20261212
15508_20260625,1,1,1,1,1,0,0,20260625,20261212
15509_20260625,1,1,0,0,0,1,1,20260625,20261212
15510_20251226,1,1,1,1,1,1,1,20251226,20261212
15511_20260625,1,1,1,1,1,0,0,20260625,20261212
15512_20260625,1,1,1,1,1,0,0,20260625,20261212
15513_20260625,1,1,0,0,0,1,1,20260625,20261212
15514_20260402,1,1,1,1,1,1,1,20260402,20261212
15515_20251214,1,1,1,1,1,1,1,20251214,20261212
15516_20260625,1,1,0,0,0,1,1,20260625,20261212
15517_20260625,1,1,1,1,1,0,0,20260625,20261212
15518_20260625,1,1,1,1,1,0,0,20260625,20261212
15519_20260625,1,1,0,0,0,1,1,20260625,20261212
15520_20260402,1,1,1,1,1,1,1,20260402,20261212
15521_20260402,1,1,1,1,1,1,1,20260402,20261212
15522_20260625,1,1,0,0,0,1,1,20260625,20261212
15523_20260625,1,1,1,1,1,0,0,20260625,20261212
15524_20260625,1,1,1,1,1,0,0,20260625,20261212
15525_20260625,1,1,0,0,0,1,1,20260625,20261212
15526_20260402,1,1,1,1,1,1,1,20260402,20261212
15527_20251214,1,1,1,1,1,1,1,20251214,20261212
15528_20260625,1,1,0,0,0,1,1,20260625,20261212
15529_20260625,1,1,1,1,1,0,0,20260625,20261212
15530_20260625,1,1,1,1,1,0,0,20260625,20261212
15531_20260625,1,1,0,0,0,1,1,20260625,20261212
15532_20260402,1,1,1,1,1,1,1,20260402,20261212
15533_20260419,1,1,1,1,1,1,1,20260419,20261212
15534_20260625,1,1,0,0,0,1,1,20260625,20261212
15535_20260625,1,1,1,1,1,0,0,20260625,20261212
15536_20260625,1,1,1,1,1,0,0,20260625,20261212
15537_20260625,1,1,0,0,0,1,1,20260625,20261212
15538_20251214,1,1,1,1,1,1,1,20251214,20261212
15539_20251214,1,1,1,1,1,1,1,20251214,20261212
15540_20260625,1,1,0,0,0,1,1,20260625,20261212
15541_20260625,1,1,1,1,1,0,0,20260625,20261212
15542_20260625,1,1,1,1,1,0,0,20260625,20261212
15543_20260402,1,1,1,1,1,1,1,20260402,20261212
15544_20260402,1,1,1,1,1,1,1,20260402,20261212
15545_20260625,1,1,1,1,1,0,0,20260625,20261212
15546_20251225,1,1,1,1,1,1,1,20251225,20261212
15547_20260625,1,1,0,0,0,1,1,20260625,20261212
15548_20260402,1,1,1,1,1,1,1,20260402,20261212
15549_20251225,1,1,1,1,1,1,1,20251225,20261212
15550_20251225,1,1,1,1,1,1,1,20251225,20261212
15551_20251225,1,1,1,1,1,1,1,20251225,20261212
15552_20251225,1,1,1,1,1,1,1,20251225,20260724
15552_20260725,1,1,1,1,1,1,1,20260725,20260905
15552_20260906,1,1,1,1,1,1,1,20260906,20261212
15553_20260620,1,1,1,1,1,1,1,20260620,20261212
15601_20260713,1,1,1,1,1,1,1,20260713,20261212
15605_20260706,1,1,0,0,0,1,1,20260706,20261212
15607_20260625,1,1,1,1,1,0,0,20260625,20261212
15609_20260706,1,1,1,1,1,1,1,20260706,20260725
15609_20260726,1,1,1,1,1,1,1,20260726,20261212
15611_20260625,1,1,1,1,1,1,0,20260625,20261212
15613_20251214,1,1,1,1,1,1,1,20251214,20261212
15615_20260625,1,1,1,1,1,0,0,20260625,20261212
15617_20251214,1,1,1,1,1,1,1,20251214,20261212
15621_20251214,1,1,1,1,1,1,1,20251214,20261212
15623_20251214,1,1,1,1,1,1,1,20251214,20261212
15625_20251214,1,1,1,1,1,1,1,20251214,20261212
15627_20260625,1,1,1,1,1,0,0,20260625,20261212
15629_20251214,1,1,1,1,1,1,1,20251214,20261212
15631_20260625,1,1,1,1,1,0,0,20260625,20261212
15633_20251214,1,1,1,1,1,1,1,20251214,20261212
15635_20251214,1,1,1,1,1,1,1,20251214,20261212
15637_20251214,1,1,1,1,1,1,1,20251214,20261212
15639_20260625,1,1,1,1,1,0,0,20260625,20261212
15641_20251214,1,1,1,1,1,1,1,20251214,20261212
15643_20260625,1,1,1,1,1,0,0,20260625,20261212
15645_20251225,1,1,1,1,1,1,1,20251225,20261212
15647_20260625,1,1,1,1,1,0,0,20260625,20261212
15649_20251214,1,1,1,1,1,1,1,20251214,20261212
15651_20260625,1,1,1,1,1,0,0,20260625,20261212
15653_20251225,1,1,1,1,1,1,1,20251225,20261212
15655_20260712,1,1,1,1,1,1,1,20260712,20261212
15657_20260712,1,1,1,1,1,1,1,20260712,20261212
15659_20260712,1,1,1,1,1,1,1,20260712,20261212
15700_20260713,0,0,0,0,0,0,1,20260713,20261212
15703_20260718,1,0,0,0,0,0,0,20260718,20260720
15703_20260721,0,1,1,1,1,0,0,20260721,20260724
15703_20260725,1,1,1,1,1,0,0,20260725,20261212
15705_20260713,1,1,0,0,0,1,1,20260713,20261212
15707_20260625,1,1,1,1,1,0,0,20260625,20260725
15707_20260726,1,1,1,1,1,0,0,20260726,20261212
15708_20260625,1,1,1,1,1,0,0,20260625,20261212
15711_20260706,1,1,1,1,1,1,1,20260706,20261212
15712_20260625,1,1,1,1,1,0,0,20260625,20261212
15715_20260706,1,1,1,1,1,1,1,20260706,20261212
15716_20260625,1,1,1,1,1,1,0,20260625,20261212
15719_20251214,1,1,1,1,1,1,1,20251214,20261212
15720_20260625,1,1,1,1,1,0,0,20260625,20261212
15723_20251214,1,1,1,1,1,1,1,20251214,20261212
15725_20251214,1,1,1,1,1,1,1,20251214,20261212
15727_20251214,1,1,1,1,1,1,1,20251214,20261212
15728_20260625,1,1,1,1,1,0,0,20260625,20261212
15731_20251214,1,1,1,1,1,1,1,20251214,20261212
15732_20260625,1,1,1,1,1,0,0,20260625,20261212
15735_20251214,1,1,1,1,1,1,1,20251214,20261212
15737_20251214,1,1,1,1,1,1,1,20251214,20261212
15739_20251214,1,1,1,1,1,1,1,20251214,20261212
15740_20260625,1,1,1,1,1,0,0,20260625,20261212
15743_20251214,1,1,1,1,1,1,1,20251214,20261212
15744_20260625,1,1,1,1,1,0,0,20260625,20261212
15747_20251214,1,1,1,1,1,1,1,20251214,20261212
15748_20260625,1,1,1,1,1,0,0,20260625,20261212
15750_20260625,1,1,1,1,1,0,0,20260625,20261212
15752_20260625,1,1,1,1,1,0,0,20260625,20261212
15755_20251214,1,1,1,1,1,1,1,20251214,20261212
15757_20251225,1,1,1,1,1,1,1,20251225,20261212
15759_20260712,1,1,1,1,1,1,1,20260712,20261212
15761_20260712,1,1,1,1,1,1,1,20260712,20261212
15763_20260712,1,1,1,1,1,1,1,20260712,20261212
15765_20260625,1,1,0,0,0,1,1,20260625,20261212
15841_20260625,1,1,1,1,1,0,0,20260625,20261212
15845_20260625,1,1,1,1,1,0,0,20260625,20261212
15851_20260625,1,1,1,1,1,0,0,20260625,20261212
15852_20260706,1,1,1,1,1,1,1,20260706,20261212
15855_20260625,1,1,1,1,1,0,0,20260625,20261212
15900_20260706,1,1,1,1,1,1,1,20260706,20261212
15901_20260625,1,1,1,1,1,0,0,20260625,20261212
15902_20260625,1,1,1,1,1,0,0,20260625,20261212
15903_20260625,1,1,0,0,0,1,1,20260625,20261212
15904_20251214,1,1,1,1,1,1,1,20251214,20261212
15905_20260625,1,1,1,1,1,0,0,20260625,20261212
15906_20260625,1,1,1,1,1,0,0,20260625,20261212
15907_20260706,1,1,1,1,1,1,1,20260706,20261212
15908_20251214,1,1,1,1,1,1,1,20251214,20261212
15909_20260625,1,1,1,1,1,0,0,20260625,20261212
15910_20260625,1,1,1,1,1,0,0,20260625,20261212
15911_20260706,1,1,1,1,1,1,1,20260706,20261212
15912_20251214,1,1,1,1,1,1,1,20251214,20261212
15913_20260625,1,1,1,1,1,0,0,20260625,20261212
15914_20260625,1,1,1,1,1,0,0,20260625,20261212
15915_20251226,1,1,1,1,1,1,1,20251226,20261212
15916_20251214,1,1,1,1,1,1,1,20251214,20261212
15917_20260625,1,1,1,1,1,0,0,20260625,20261212
15918_20260625,1,1,1,1,1,0,0,20260625,20261212
15919_20251214,1,1,1,1,1,1,1,20251214,20261212
15920_20251214,1,1,1,1,1,1,1,20251214,20261212
15921_20260625,1,1,1,1,1,0,0,20260625,20261212
15922_20260625,1,1,1,1,1,0,0,20260625,20261212
15923_20251214,1,1,1,1,1,1,1,20251214,20261212
15924_20251214,1,1,1,1,1,1,1,20251214,20261212
15925_20260625,1,1,1,1,1,0,0,20260625,20261212
15926_20260625,1,1,1,1,1,0,0,20260625,20261212
15927_20251214,1,1,1,1,1,1,1,20251214,20261212
15928_20251214,1,1,1,1,1,1,1,20251214,20261212
15929_20260625,1,1,1,1,1,0,0,20260625,20261212
15930_20260625,1,1,1,1,1,0,0,20260625,20261212
15931_20251214,1,1,1,1,1,1,1,20251214,20261212
15932_20251214,1,1,1,1,1,1,1,20251214,20261212
15933_20260625,1,1,1,1,1,0,0,20260625,20261212
15934_20260625,1,1,1,1,1,0,0,20260625,20261212
15935_20251214,1,1,1,1,1,1,1,20251214,20261212
15936_20251214,1,1,1,1,1,1,1,20251214,20261212
15937_20260625,1,1,1,1,1,0,0,20260625,20261212
15938_20260625,1,1,1,1,1,0,0,20260625,20261212
15939_20251214,1,1,1,1,1,1,1,20251214,20261212
15940_20251214,1,1,1,1,1,1,1,20251214,20261212
15941_20260625,1,1,1,1,1,0,0,20260625,20261212
15942_20260625,1,1,1,1,1,0,0,20260625,20261212
15943_20251214,1,1,1,1,1,1,1,20251214,20261212
15944_20251214,1,1,1,1,1,1,1,20251214,20261212
15945_20260625,1,1,1,1,1,0,0,20260625,20261212
15946_20260625,1,1,1,1,1,0,0,20260625,20261212
15947_20251214,1,1,1,1,1,1,1,20251214,20261212
15948_20251214,1,1,1,1,1,1,1,20251214,20261212
15949_20260625,1,1,1,1,1,0,0,20260625,20261212
15950_20260625,1,1,1,1,1,0,0,20260625,20261212
15951_20251214,1,1,1,1,1,1,1,20251214,20261212
15952_20251225,1,1,1,1,1,1,1,20251225,20261212
15953_20260625,1,1,1,1,1,0,0,20260625,20261212
15954_20251225,1,1,1,1,1,1,1,20251225,20261212
15955_20251214,1,1,1,1,1,1,1,20251214,20261212
15956_20251225,1,1,1,1,1,1,1,20251225,20261212
15957_20251225,1,1,1,1,1,1,1,20251225,20261212
15958_20260101,1,1,1,1,1,1,1,20260101,20261212
15959_20251225,1,1,1,1,1,1,1,20251225,20261212
15961_20260101,1,1,1,1,1,1,1,20260101,20261212
16000_20251214,0,0,0,0,0,0,1,20251214,20261212
16001_20251214,1,1,1,1,1,1,1,20251214,20261212
16002_20251214,1,1,1,1,1,1,1,20251214,20261212
16003_20251214,1,1,1,1,1,0,0,20251214,20261212
16004_20251214,1,1,1,1,1,1,1,20251214,20261212
16005_20251214,1,1,1,1,1,1,1,20251214,20261212
16006_20251214,1,1,1,1,1,0,0,20251214,20261212
16007_20251214,1,1,1,1,1,0,0,20251214,20261212
16008_20251214,1,1,1,1,1,1,1,20251214,20261212
16009_20251214,1,1,1,1,1,1,1,20251214,20261212
16010_20251214,1,1,1,1,1,0,0,20251214,20261212
16011_20251214,1,1,1,1,1,0,0,20251214,20261212
16012_20251214,1,1,1,1,1,1,1,20251214,20261212
16013_20251214,1,1,1,1,1,1,1,20251214,20261212
16014_20251214,1,1,1,1,1,0,0,20251214,20261212
16015_20251214,1,1,1,1,1,1,1,20251214,20261212
16016_20251214,1,1,1,1,1,1,1,20251214,20261212
16017_20251214,1,1,1,1,1,1,1,20251214,20261212
16018_20251214,1,1,1,1,1,1,1,20251214,20261212
16019_20251214,1,1,1,1,1,1,1,20251214,20261212
16020_20251214,1,1,1,1,1,1,1,20251214,20261212
16021_20251214,1,1,1,1,1,1,1,20251214,20261212
16022_20251214,1,1,1,1,1,1,1,20251214,20261212
16023_20251214,1,1,1,1,1,1,1,20251214,20261212
16024_20251214,1,1,1,1,1,1,1,20251214,20261212
16025_20251214,1,1,1,1,1,1,1,20251214,20261212
16026_20251214,1,1,1,1,1,1,1,20251214,20261212
16027_20251214,1,1,1,1,1,1,1,20251214,20261212
16028_20251214,1,1,1,1,1,1,1,20251214,20261212
16029_20251214,1,1,1,1,1,0,0,20251214,20261212
16030_20251214,1,1,1,1,1,1,1,20251214,20261212
16031_20251214,1,1,1,1,1,1,1,20251214,20261212
16032_20251214,1,1,1,1,1,0,0,20251214,20261212
16033_20251214,1,1,1,1,1,0,0,20251214,20261212
16034_20251214,1,1,1,1,1,1,1,20251214,20261212
16035_20251214,1,1,1,1,1,1,1,20251214,20261212
16036_20251214,1,1,1,1,1,0,0,20251214,20261212
16037_20251214,1,1,1,1,1,0,0,20251214,20261212
16038_20251214,1,1,1,1,1,1,1,20251214,20261212
16039_20251214,1,1,1,1,1,1,1,20251214,20261212
16040_20251214,1,1,1,1,1,0,0,20251214,20261212
16041_20251214,1,1,1,1,1,0,0,20251214,20261212
16042_20251214,1,1,1,1,1,1,1,20251214,20261212
16043_20251214,1,1,1,1,1,1,1,20251214,20261212
16044_20251214,1,1,1,1,1,1,1,20251214,20261212
16045_20251214,1,1,1,1,1,1,1,20251214,20261212
16046_20251214,1,1,1,1,1,1,1,20251214,20261212
16047_20260228,1,1,1,1,1,1,1,20260228,20261212
16048_20260228,1,1,1,1,1,1,1,20260228,20261212
16049_20260411,1,1,1,1,1,1,1,20260411,20261212
16050_20251214,1,1,1,1,1,0,0,20251214,20261212
16400_20251214,1,1,1,1,1,0,0,20251214,20261212
16402_20251214,1,1,1,1,1,0,0,20251214,20261212
16404_20251214,1,1,1,1,1,0,0,20251214,20261212
16406_20251214,1,1,1,1,1,0,0,20251214,20261212
16408_20251214,1,1,1,1,1,0,0,20251214,20261212
16410_20251214,1,1,1,1,1,0,0,20251214,20261212
16412_20251214,1,1,1,1,1,0,0,20251214,20261212
16414_20251214,1,1,1,1,1,0,0,20251214,20261212
16416_20251214,1,1,1,1,1,0,0,20251214,20261212
16418_20251214,1,1,1,1,1,0,0,20251214,20261212
16420_20251214,1,1,1,1,1,0,0,20251214,20261212
16422_20251214,1,1,1,1,1,0,0,20251214,20261212
16424_20251214,1,1,1,1,1,0,0,20251214,20261212
16426_20251214,1,1,1,1,1,0,0,20251214,20261212
16428_20251214,1,1,1,1,1,0,0,20251214,20261212
16430_20251214,1,1,1,1,1,0,0,20251214,20261212
16432_20251214,1,1,1,1,1,0,0,20251214,20261212
16434_20251214,1,1,1,1,1,0,0,20251214,20261212
16436_20251214,1,1,1,1,1,0,0,20251214,20261212
16438_20251214,1,1,1,1,1,0,0,20251214,20261212
16440_20251214,1,1,1,1,1,0,0,20251214,20261212
16442_20251214,1,1,1,1,1,0,0,20251214,20261212
16444_20251214,1,1,1,1,1,0,0,20251214,20261212
16446_20251214,1,1,1,1,1,0,0,20251214,20261212
16448_20251214,1,1,1,1,1,0,0,20251214,20261212
16450_20251214,1,1,1,1,1,0,0,20251214,20261212
16452_20251214,1,1,1,1,1,0,0,20251214,20261212
16454_20251225,1,1,1,1,1,0,0,20251225,20261212
16456_20251214,1,1,1,1,1,0,0,20251214,20261212
16458_20251214,1,1,1,1,1,0,0,20251214,20261212
16460_20251225,1,1,1,1,1,0,0,20251225,20261212
16462_20251214,1,1,1,1,1,0,0,20251214,20261212
16464_20260228,1,1,1,1,1,0,0,20260228,20261212
16466_20260822,1,1,1,1,1,0,0,20260822,20261212
16468_20260714,0,1,1,1,1,1,0,20260714,20260822
16468_20260823,0,1,1,1,1,1,0,20260823,20261212
16500_20260131,1,1,1,1,1,0,0,20260131,20261212
16502_20251214,1,1,1,1,1,0,0,20251214,20261212
16504_20251214,1,1,1,1,1,0,0,20251214,20261212
16506_20251214,1,1,1,1,1,0,0,20251214,20261212
16508_20251214,1,1,1,1,1,0,0,20251214,20261212
16510_20251214,1,1,1,1,1,0,0,20251214,20261212
16512_20251214,1,1,1,1,1,0,0,20251214,20261212
16514_20251214,1,1,1,1,1,0,0,20251214,20261212
16516_20251214,1,1,1,1,1,0,0,20251214,20261212
16518_20251214,1,1,1,1,1,0,0,20251214,20261212
16520_20251214,1,1,1,1,1,0,0,20251214,20261212
16522_20251214,1,1,1,1,1,0,0,20251214,20261212
16524_20251214,1,1,1,1,1,0,0,20251214,20261212
16526_20251214,1,1,1,1,1,0,0,20251214,20261212
16528_20251214,1,1,1,1,1,0,0,20251214,20261212
16530_20251214,1,1,1,1,1,0,0,20251214,20261212
16532_20251214,1,1,1,1,1,0,0,20251214,20261212
16534_20251214,1,1,1,1,1,0,0,20251214,20261212
16536_20251214,1,1,1,1,1,0,0,20251214,20261212
16538_20251214,1,1,1,1,1,0,0,20251214,20261212
16540_20251214,1,1,1,1,1,0,0,20251214,20261212
16542_20251214,1,1,1,1,1,0,0,20251214,20261212
16544_20251214,1,1,1,1,1,0,0,20251214,20261212
16546_20251214,1,1,1,1,1,0,0,20251214,20261212
16548_20251214,1,1,1,1,1,0,0,20251214,20261212
16550_20251214,1,1,1,1,1,0,0,20251214,20261212
16552_20251214,1,1,1,1,1,0,0,20251214,20261212
16554_20251225,1,1,1,1,1,0,0,20251225,20261212
16556_20251214,1,1,1,1,1,0,0,20251214,20261212
16558_20251225,1,1,1,1,1,0,0,20251225,20261212
16560_20251214,1,1,1,1,1,0,0,20251214,20261212
16562_20251214,1,1,1,1,1,0,0,20251214,20261212
16564_20251225,1,1,1,1,1,0,0,20251225,20261212
16566_20260228,1,1,1,1,1,0,0,20260228,20261212
16568_20260705,0,1,1,1,1,1,0,20260705,20261212
16800_20260712,1,1,1,1,1,1,1,20260712,20261212
16801_20251214,1,1,1,1,1,1,0,20251214,20261212
16802_20251214,1,1,1,1,1,1,0,20251214,20261212
16803_20251214,1,1,1,1,1,0,0,20251214,20261212
16804_20260102,1,1,1,1,1,1,1,20260102,20261212
16805_20251214,1,1,1,1,1,1,0,20251214,20261212
16806_20251214,1,1,1,1,1,0,0,20251214,20261212
16807_20251214,1,1,1,1,1,0,0,20251214,20261212
16808_20251214,1,1,1,1,1,1,1,20251214,20261212
16809_20251214,1,1,1,1,1,1,1,20251214,20261212
16810_20251214,1,1,1,1,1,1,1,20251214,20261212
16811_20251214,1,1,1,1,1,1,1,20251214,20261212
16812_20251214,1,1,1,1,1,1,1,20251214,20261212
16813_20251214,1,1,1,1,1,1,1,20251214,20261212
16814_20251214,1,1,1,1,1,1,1,20251214,20261212
16815_20251214,1,1,1,1,1,1,1,20251214,20261212
16816_20251214,1,1,1,1,1,1,1,20251214,20261212
16817_20251214,1,1,1,1,1,1,1,20251214,20261212
16818_20251214,1,1,1,1,1,1,1,20251214,20261212
16819_20251214,1,1,1,1,1,1,1,20251214,20261212
16820_20251214,1,1,1,1,1,0,0,20251214,20261212
16821_20251214,1,1,1,1,1,1,1,20251214,20261212
16822_20251214,1,1,1,1,1,1,1,20251214,20261212
16823_20251214,1,1,1,1,1,1,1,20251214,20261212
16824_20251214,1,1,1,1,1,0,1,20251214,20261212
16825_20251214,1,1,1,1,1,1,1,20251214,20261212
16826_20251214,1,1,1,1,1,0,0,20251214,20261212
16827_20251214,1,1,1,1,1,1,1,20251214,20261212
16828_20251214,1,1,1,1,1,1,1,20251214,20261212
16829_20251214,1,1,1,1,1,1,1,20251214,20261212
16830_20260101,1,1,1,1,1,1,1,20260101,20260724
16830_20260726,1,1,1,1,1,1,1,20260726,20261212
16831_20260614,1,1,1,1,1,1,1,20260614,20261212
16833_20260101,1,1,1,1,1,1,1,20260101,20261212
17100_20251214,1,1,1,1,1,0,0,20251214,20261212
17101_20251214,1,1,1,1,1,1,1,20251214,20261212
17102_20251214,1,1,1,1,1,1,1,20251214,20261212
17103_20251214,1,1,1,1,1,1,1,20251214,20261212
17105_20251214,1,1,1,1,1,1,1,20251214,20261212
17200_20251214,1,1,1,1,1,1,1,20251214,20261212
17201_20251214,1,1,1,1,1,0,0,20251214,20261212
17202_20251214,1,1,1,1,1,0,0,20251214,20261212
17203_20251214,1,1,1,1,1,1,1,20251214,20261212
17204_20251214,1,1,1,1,1,1,1,20251214,20261212
17205_20251214,1,1,1,1,1,0,0,20251214,20261212
17206_20251214,1,1,1,1,1,0,0,20251214,20261212
17207_20251214,1,1,1,1,1,1,1,20251214,20261212
17208_20251214,1,1,1,1,1,1,1,20251214,20261212
17209_20251214,1,1,1,1,1,0,0,20251214,20261212
17210_20251214,1,1,1,1,1,0,0,20251214,20261212
17211_20251214,1,1,1,1,1,1,1,20251214,20261212
17212_20251214,1,1,1,1,1,1,1,20251214,20261212
17213_20251214,1,1,1,1,1,0,0,20251214,20261212
17214_20251214,1,1,1,1,1,0,0,20251214,20261212
17215_20251214,1,1,1,1,1,1,1,20251214,20261212
17216_20251214,1,1,1,1,1,1,1,20251214,20261212
17217_20251214,1,1,1,1,1,0,0,20251214,20261212
17218_20251214,1,1,1,1,1,0,0,20251214,20261212
17219_20251214,1,1,1,1,1,1,1,20251214,20261212
17220_20251214,1,1,1,1,1,1,1,20251214,20261212
17221_20251214,1,1,1,1,1,0,0,20251214,20261212
17222_20251214,1,1,1,1,1,0,0,20251214,20261212
17223_20251214,1,1,1,1,1,1,1,20251214,20261212
17224_20251214,1,1,1,1,1,1,1,20251214,20261212
17225_20251214,1,1,1,1,1,0,0,20251214,20261212
17226_20251214,1,1,1,1,1,0,0,20251214,20261212
17227_20251214,1,1,1,1,1,1,1,20251214,20261212
17228_20251214,1,1,1,1,1,1,1,20251214,20261212
17229_20251214,1,1,1,1,1,0,0,20251214,20261212
17230_20251214,1,1,1,1,1,0,0,20251214,20261212
17231_20251214,1,1,1,1,1,1,1,20251214,20261212
17232_20251214,1,1,1,1,1,1,1,20251214,20261212
17233_20251214,1,1,1,1,1,0,0,20251214,20261212
17234_20251214,1,1,1,1,1,0,0,20251214,20261212
17235_20251214,1,1,1,1,1,1,1,20251214,20261212
17236_20251214,1,1,1,1,1,1,1,20251214,20261212
17237_20251214,1,1,1,1,1,0,0,20251214,20261212
17238_20251214,1,1,1,1,1,0,0,20251214,20261212
17239_20251214,1,1,1,1,1,1,1,20251214,20261212
17240_20251214,1,1,1,1,1,1,1,20251214,20261212
17241_20251214,1,1,1,1,1,0,0,20251214,20261212
17242_20251214,1,1,1,1,1,0,0,20251214,20261212
17243_20251214,1,1,1,1,1,1,1,20251214,20261212
17244_20251214,1,1,1,1,1,1,1,20251214,20261212
17245_20251214,1,1,1,1,1,0,0,20251214,20261212
17246_20251214,1,1,1,1,1,0,0,20251214,20261212
17247_20251214,1,1,1,1,1,1,1,20251214,20261212
17248_20251214,1,1,1,1,1,1,1,20251214,20261212
17249_20251214,1,1,1,1,1,0,0,20251214,20261212
17250_20251214,1,1,1,1,1,0,0,20251214,20261212
17251_20251214,1,1,1,1,1,1,1,20251214,20261212
17252_20251214,1,1,1,1,1,1,1,20251214,20261212
17253_20251214,1,1,1,1,1,0,0,20251214,20261212
17254_20251214,1,1,1,1,1,0,0,20251214,20261212
17255_20251214,1,1,1,1,1,1,1,20251214,20261212
17256_20251214,1,1,1,1,1,1,1,20251214,20261212
17257_20251214,1,1,1,1,1,0,0,20251214,20261212
17258_20251214,1,1,1,1,1,0,0,20251214,20261212
17259_20251214,1,1,1,1,1,1,1,20251214,20261212
17260_20251214,1,1,1,1,1,1,1,20251214,20261212
17261_20251214,1,1,1,1,1,0,0,20251214,20261212
17262_20251214,1,1,1,1,1,0,0,20251214,20261212
17263_20251214,1,1,1,1,1,1,1,20251214,20261212
17264_20251214,1,1,1,1,1,1,1,20251214,20261212
17265_20251214,1,1,1,1,1,0,0,20251214,20261212
17266_20251214,1,1,1,1,1,1,1,20251214,20261212
17268_20251214,1,1,1,1,1,0,0,20251214,20261212
18000_20260516,1,1,1,1,1,0,0,20260516,20261212
18002_20251214,1,1,1,1,1,0,0,20251214,20261212
18004_20260516,1,1,1,1,1,0,0,20260516,20261212
18006_20251214,1,1,1,1,1,0,0,20251214,20261212
18008_20251214,1,1,1,1,1,0,0,20251214,20261212
18010_20251214,1,1,1,1,1,0,0,20251214,20261212
18012_20251214,1,1,1,1,1,0,0,20251214,20261212
18014_20260516,1,1,1,1,1,0,0,20260516,20261212
18016_20251214,1,1,1,1,1,0,0,20251214,20261212
18018_20260516,1,1,1,1,1,0,0,20260516,20261212
18020_20251214,1,1,1,1,1,0,0,20251214,20261212
18022_20260516,1,1,1,1,1,0,0,20260516,20261212
18024_20251225,1,1,1,1,1,0,0,20251225,20261212
18026_20260516,1,1,1,1,1,0,0,20260516,20261212
18050_20251214,1,1,1,1,1,0,0,20251214,20261212
18052_20251214,1,1,1,1,1,0,0,20251214,20261212
18054_20251214,1,1,1,1,1,0,0,20251214,20261212
18056_20251214,1,1,1,1,1,0,0,20251214,20261212
18058_20251214,1,1,1,1,1,0,0,20251214,20261212
18060_20260516,1,1,1,1,1,0,0,20260516,20261212
18062_20251214,1,1,1,1,1,0,0,20251214,20261212
18064_20251214,1,1,1,1,1,0,0,20251214,20261212
18066_20260516,1,1,1,1,1,0,0,20260516,20261212
18068_20251214,1,1,1,1,1,0,0,20251214,20261212
18070_20260516,1,1,1,1,1,0,0,20260516,20261212
18072_20251214,1,1,1,1,1,0,0,20251214,20261212
18074_20260516,1,1,1,1,1,0,0,20260516,20261212
18076_20251225,1,1,1,1,1,0,0,20251225,20261212
18200_20260517,1,1,1,1,1,1,1,20260517,20261212
18202_20260705,1,1,1,1,1,1,1,20260705,20261212
18204_20260519,1,1,1,1,1,1,1,20260519,20261212
18206_20251214,1,1,1,1,1,0,0,20251214,20261212
18208_20251214,1,1,1,1,1,1,1,20251214,20261212
18210_20251214,1,1,1,1,1,0,0,20251214,20261212
18212_20251214,1,1,1,1,1,1,1,20251214,20261212
18214_20260516,1,1,1,1,1,0,0,20260516,20261212
18216_20251226,1,1,1,1,1,1,1,20251226,20261212
18218_20251214,1,1,1,1,1,0,0,20251214,20261212
18220_20251214,1,1,1,1,1,1,1,20251214,20261212
18222_20251214,1,1,1,1,1,0,0,20251214,20261212
18224_20251214,1,1,1,1,1,1,1,20251214,20261212
18226_20251214,1,1,1,1,1,0,0,20251214,20261212
18228_20251214,1,1,1,1,1,1,1,20251214,20261212
18230_20251214,1,1,1,1,1,0,0,20251214,20261212
18232_20251214,1,1,1,1,1,1,1,20251214,20261212
18234_20251214,1,1,1,1,1,0,0,20251214,20261212
18236_20251214,1,1,1,1,1,1,1,20251214,20261212
18238_20251214,1,1,1,1,1,1,1,20251214,20261212
18240_20251214,1,1,1,1,1,0,0,20251214,20261212
18242_20251214,1,1,1,1,1,1,1,20251214,20261212
18244_20251214,1,1,1,1,1,0,0,20251214,20261212
18246_20251214,1,1,1,1,1,1,1,20251214,20261212
18248_20251214,1,1,1,1,1,0,0,20251214,20261212
18250_20251214,1,1,1,1,1,1,1,20251214,20261212
18252_20251214,1,1,1,1,1,0,0,20251214,20261212
18254_20251214,1,1,1,1,1,1,1,20251214,20261212
18256_20251214,1,1,1,1,1,0,0,20251214,20261212
18258_20251214,1,1,1,1,1,1,1,20251214,20261212
18260_20251214,1,1,1,1,1,0,0,20251214,20261212
18262_20251214,1,1,1,1,1,1,1,20251214,20261212
18264_20251214,1,1,1,1,1,0,0,20251214,20261212
18266_20251214,1,1,1,1,1,1,1,20251214,20261212
18268_20251214,1,1,1,1,1,0,0,20251214,20261212
18270_20251214,1,1,1,1,1,1,1,20251214,20261212
18272_20251214,1,1,1,1,1,0,0,20251214,20261212
18274_20251214,1,1,1,1,1,1,1,20251214,20261212
18276_20251214,1,1,1,1,1,0,0,20251214,20261212
18278_20251214,1,1,1,1,1,1,1,20251214,20261212
18280_20251214,1,1,1,1,1,0,0,20251214,20261212
18282_20251214,1,1,1,1,1,1,1,20251214,20261212
18284_20251214,1,1,1,1,1,0,0,20251214,20261212
18286_20251214,1,1,1,1,1,1,1,20251214,20261212
18288_20251214,1,1,1,1,1,0,0,20251214,20261212
18290_20251214,1,1,1,1,1,1,1,20251214,20261212
18292_20260516,1,1,1,1,1,0,0,20260516,20261212
18294_20251214,1,1,1,1,1,1,1,20251214,20261212
18296_20251214,1,1,1,1,1,0,0,20251214,20261212
18298_20251214,1,1,1,1,1,1,1,20251214,20261212
18300_20260516,1,1,1,1,1,0,0,20260516,20261212
18302_20251214,1,1,1,1,1,1,1,20251214,20261212
18304_20251214,1,1,1,1,1,0,0,20251214,20261212
18306_20251214,1,1,1,1,1,1,1,20251214,20261212
18308_20260516,1,1,1,1,1,0,0,20260516,20261212
18310_20251214,1,1,1,1,1,1,1,20251214,20261212
18312_20251214,1,1,1,1,1,0,0,20251214,20261212
18314_20251214,1,1,1,1,1,1,1,20251214,20261212
18316_20260516,1,1,1,1,1,0,0,20260516,20261212
18318_20251214,1,1,1,1,1,1,1,20251214,20261212
18320_20251214,1,1,1,1,1,0,0,20251214,20261212
18322_20251214,1,1,1,1,1,1,1,20251214,20261212
18324_20251225,1,1,1,1,1,1,1,20251225,20261212
18326_20251214,1,1,1,1,1,1,1,20251214,20261212
18328_20251225,1,1,1,1,1,1,1,20251225,20261212
18330_20251214,1,1,1,1,1,1,1,20251214,20261212
18332_20251225,1,1,1,1,1,1,1,20251225,20261212
18334_20260516,1,1,1,1,1,1,1,20260516,20261212
18400_20260517,1,1,1,1,1,1,1,20260517,20261212
18402_20260517,1,1,1,1,1,1,1,20260517,20261212
18404_20260517,1,1,1,1,1,1,1,20260517,20261212
18406_20251226,1,1,1,1,1,1,1,20251226,20261212
18408_20251214,1,1,1,1,1,1,1,20251214,20261212
18410_20260516,1,1,1,1,1,0,0,20260516,20261212
18412_20260516,1,1,1,1,1,1,1,20260516,20261212
18414_20251214,1,1,1,1,1,0,0,20251214,20261212
18416_20251214,1,1,1,1,1,1,1,20251214,20261212
18418_20260516,1,1,1,1,1,0,0,20260516,20261212
18420_20251214,1,1,1,1,1,1,1,20251214,20261212
18422_20251214,1,1,1,1,1,0,0,20251214,20261212
18424_20251214,1,1,1,1,1,1,1,20251214,20261212
18426_20251214,1,1,1,1,1,0,0,20251214,20261212
18428_20251214,1,1,1,1,1,1,1,20251214,20261212
18430_20251214,1,1,1,1,1,0,0,20251214,20261212
18432_20251214,1,1,1,1,1,1,1,20251214,20261212
18434_20251214,1,1,1,1,1,0,0,20251214,20261212
18436_20251214,1,1,1,1,1,1,1,20251214,20261212
18438_20251214,1,1,1,1,1,0,0,20251214,20261212
18440_20251214,1,1,1,1,1,1,1,20251214,20261212
18442_20251214,1,1,1,1,1,0,0,20251214,20261212
18444_20251214,1,1,1,1,1,1,1,20251214,20261212
18446_20251214,1,1,1,1,1,0,0,20251214,20261212
18448_20251214,1,1,1,1,1,1,1,20251214,20261212
18450_20251214,1,1,1,1,1,0,0,20251214,20261212
18452_20251214,1,1,1,1,1,1,1,20251214,20261212
18454_20251214,1,1,1,1,1,0,0,20251214,20261212
18456_20251214,1,1,1,1,1,1,1,20251214,20261212
18458_20251214,1,1,1,1,1,0,0,20251214,20261212
18460_20251214,1,1,1,1,1,1,1,20251214,20261212
18462_20251214,1,1,1,1,1,0,0,20251214,20261212
18464_20251214,1,1,1,1,1,1,1,20251214,20261212
18466_20251214,1,1,1,1,1,0,0,20251214,20261212
18468_20251214,1,1,1,1,1,1,1,20251214,20261212
18470_20251214,1,1,1,1,1,0,0,20251214,20261212
18472_20251214,1,1,1,1,1,1,1,20251214,20261212
18474_20251214,1,1,1,1,1,0,0,20251214,20261212
18476_20251214,1,1,1,1,1,1,1,20251214,20261212
18478_20251214,1,1,1,1,1,0,0,20251214,20261212
18480_20251214,1,1,1,1,1,1,1,20251214,20261212
18482_20251214,1,1,1,1,1,0,0,20251214,20261212
18484_20251214,1,1,1,1,1,1,1,20251214,20261212
18486_20251214,1,1,1,1,1,0,0,20251214,20261212
18488_20251214,1,1,1,1,1,1,1,20251214,20261212
18490_20260516,1,1,1,1,1,0,0,20260516,20261212
18492_20260516,1,1,1,1,1,1,1,20260516,20261212
18494_20251214,1,1,1,1,1,0,0,20251214,20261212
18496_20251214,1,1,1,1,1,1,1,20251214,20261212
18498_20260516,1,1,1,1,1,0,0,20260516,20261212
18500_20251214,1,1,1,1,1,1,1,20251214,20261212
18502_20251214,1,1,1,1,1,0,0,20251214,20261212
18504_20251214,1,1,1,1,1,1,1,20251214,20261212
18506_20260516,1,1,1,1,1,0,0,20260516,20261212
18508_20251214,1,1,1,1,1,1,1,20251214,20261212
18510_20251214,1,1,1,1,1,0,0,20251214,20261212
18512_20251214,1,1,1,1,1,1,1,20251214,20261212
18514_20251214,1,1,1,1,1,0,0,20251214,20261212
18516_20251214,1,1,1,1,1,1,1,20251214,20261212
18518_20251214,1,1,1,1,1,0,0,20251214,20261212
18520_20251214,1,1,1,1,1,1,1,20251214,20261212
18522_20251225,1,1,1,1,1,1,1,20251225,20261212
18524_20251214,1,1,1,1,1,1,1,20251214,20261212
18526_20251225,1,1,1,1,1,1,1,20251225,20261212
18528_20251214,1,1,1,1,1,1,1,20251214,20261212
18530_20251225,1,1,1,1,1,1,1,20251225,20261212
18532_20251214,1,1,1,1,1,1,1,20251214,20261212
18534_20251214,1,1,1,1,1,0,0,20251214,20261212
18650_20251214,1,1,1,1,1,0,0,20251214,20261212
18651_20251214,1,1,1,1,1,0,0,20251214,20261212
18652_20251214,1,1,1,1,1,1,1,20251214,20261212
18653_20251214,1,1,1,1,1,1,1,20251214,20261212
18654_20251214,1,1,1,1,1,0,0,20251214,20261212
18655_20251214,1,1,1,1,1,0,0,20251214,20261212
18656_20251214,1,1,1,1,1,0,0,20251214,20261212
18657_20251214,1,1,1,1,1,0,0,20251214,20261212
18658_20251214,1,1,1,1,1,1,1,20251214,20261212
18659_20251214,1,1,1,1,1,1,1,20251214,20261212
18660_20251214,1,1,1,1,1,0,0,20251214,20261212
18661_20251214,1,1,1,1,1,0,0,20251214,20261212
18662_20251214,1,1,1,1,1,0,0,20251214,20261212
18663_20251214,1,1,1,1,1,0,0,20251214,20261212
18664_20251214,1,1,1,1,1,1,1,20251214,20261212
18665_20251214,1,1,1,1,1,1,1,20251214,20261212
18666_20251214,1,1,1,1,1,0,0,20251214,20261212
18667_20251214,1,1,1,1,1,0,0,20251214,20261212
18668_20251214,1,1,1,1,1,1,1,20251214,20261212
18669_20251214,1,1,1,1,1,0,0,20251214,20261212
18670_20251214,1,1,1,1,1,1,1,20251214,20261212
18671_20251214,1,1,1,1,1,1,1,20251214,20261212
18672_20251214,1,1,1,1,1,1,1,20251214,20261212
18673_20251214,1,1,1,1,1,0,0,20251214,20261212
18674_20251214,1,1,1,1,1,1,1,20251214,20261212
18675_20251214,1,1,1,1,1,1,1,20251214,20261212
18676_20251214,1,1,1,1,1,1,1,20251214,20261212
18677_20251214,1,1,1,1,1,0,0,20251214,20261212
18678_20251214,1,1,1,1,1,1,1,20251214,20261212
18679_20251214,1,1,1,1,1,1,1,20251214,20261212
18680_20251214,1,1,1,1,1,1,1,20251214,20261212
18681_20251214,1,1,1,1,1,0,0,20251214,20261212
18682_20251214,1,1,1,1,1,0,0,20251214,20261212
18683_20251214,1,1,1,1,1,1,1,20251214,20261212
18684_20251214,1,1,1,1,1,1,1,20251214,20261212
18685_20251214,1,1,1,1,1,0,0,20251214,20261212
18686_20251214,1,1,1,1,1,0,0,20251214,20261212
18687_20251214,1,1,1,1,1,1,1,20251214,20261212
18688_20251214,1,1,1,1,1,0,0,20251214,20261212
18689_20251214,1,1,1,1,1,0,0,20251214,20261212
18690_20251214,1,1,1,1,1,1,1,20251214,20261212
18691_20251214,1,1,1,1,1,1,1,20251214,20261212
18692_20251214,1,1,1,1,1,0,0,20251214,20261212
18693_20251214,1,1,1,1,1,0,0,20251214,20261212
18694_20251214,1,1,1,1,1,0,0,20251214,20261212
18695_20251214,1,1,1,1,1,1,1,20251214,20261212
18696_20251214,1,1,1,1,1,1,1,20251214,20261212
18697_20251214,1,1,1,1,1,0,0,20251214,20261212
18698_20251214,1,1,1,1,1,0,0,20251214,20261212
18699_20251214,1,1,1,1,1,1,1,20251214,20261212
18700_20251214,1,1,1,1,1,0,0,20251214,20261212
18701_20251214,1,1,1,1,1,0,0,20251214,20261212
18702_20251214,1,1,1,1,1,1,1,20251214,20261212
18703_20251214,1,1,1,1,1,0,0,20251214,20261212
18704_20251214,1,1,1,1,1,0,0,20251214,20261212
18705_20251214,1,1,1,1,1,1,1,20251214,20261212
18707_20251214,1,1,1,1,1,0,0,20251214,20261212
18709_20251214,1,1,1,1,1,0,0,20251214,20261212
18711_20251214,1,1,1,1,1,1,1,20251214,20261212
18713_20251214,1,1,1,1,1,0,0,20251214,20261212
18715_20251214,1,1,1,1,1,0,0,20251214,20261212
18717_20251214,1,1,1,1,1,1,1,20251214,20261212
18719_20251214,1,1,1,1,1,0,0,20251214,20261212
18721_20251214,1,1,1,1,1,0,0,20251214,20261212
18723_20251214,1,1,1,1,1,1,1,20251214,20261212
18800_20260517,1,1,1,1,1,1,1,20260517,20261212
18801_20260517,1,1,1,1,1,1,1,20260517,20261212
18802_20260517,1,1,1,1,1,1,1,20260517,20261212
18803_20260519,1,1,1,1,1,1,1,20260519,20261212
18804_20260517,1,1,1,1,1,1,1,20260517,20261212
18805_20260519,1,1,1,1,1,1,1,20260519,20261212
18806_20251226,1,1,1,1,1,1,1,20251226,20261212
18807_20251214,1,1,1,1,1,0,0,20251214,20261212
18808_20251214,1,1,1,1,1,0,0,20251214,20261212
18809_20251214,1,1,1,1,1,1,1,20251214,20261212
18810_20251214,1,1,1,1,1,1,1,20251214,20261212
18811_20251214,1,1,1,1,1,0,0,20251214,20261212
18812_20251214,1,1,1,1,1,0,0,20251214,20261212
18813_20251214,1,1,1,1,1,1,1,20251214,20261212
18814_20251214,1,1,1,1,1,0,0,20251214,20261212
18815_20260516,1,1,1,1,1,0,0,20260516,20261212
18816_20251214,1,1,1,1,1,1,1,20251214,20261212
18817_20260516,1,1,1,1,1,0,0,20260516,20261212
18818_20260516,1,1,1,1,1,0,0,20260516,20261212
18819_20251214,1,1,1,1,1,1,1,20251214,20261212
18820_20260516,1,1,1,1,1,0,0,20260516,20261212
18821_20260516,1,1,1,1,1,0,0,20260516,20261212
18822_20251214,1,1,1,1,1,1,1,20251214,20261212
18823_20260516,1,1,1,1,1,0,0,20260516,20261212
18824_20260516,1,1,1,1,1,0,0,20260516,20261212
18825_20251214,1,1,1,1,1,1,1,20251214,20261212
18826_20260516,1,1,1,1,1,0,0,20260516,20261212
18827_20260516,1,1,1,1,1,0,0,20260516,20261212
18828_20251214,1,1,1,1,1,1,1,20251214,20261212
18829_20251214,1,1,1,1,1,0,0,20251214,20261212
18830_20260516,1,1,1,1,1,0,0,20260516,20261212
18831_20251214,1,1,1,1,1,1,1,20251214,20261212
18832_20251214,1,1,1,1,1,0,0,20251214,20261212
18833_20251214,1,1,1,1,1,0,0,20251214,20261212
18834_20251214,1,1,1,1,1,1,1,20251214,20261212
18835_20251214,1,1,1,1,1,1,1,20251214,20261212
18836_20251214,1,1,1,1,1,0,0,20251214,20261212
18837_20251214,1,1,1,1,1,0,0,20251214,20261212
18838_20251214,1,1,1,1,1,0,0,20251214,20261212
18839_20251214,1,1,1,1,1,1,1,20251214,20261212
18840_20251214,1,1,1,1,1,1,1,20251214,20261212
18841_20251214,1,1,1,1,1,0,0,20251214,20261212
18842_20251214,1,1,1,1,1,0,0,20251214,20261212
18843_20251214,1,1,1,1,1,1,1,20251214,20261212
18844_20251214,1,1,1,1,1,0,0,20251214,20261212
18845_20251214,1,1,1,1,1,0,0,20251214,20261212
18846_20251214,1,1,1,1,1,1,1,20251214,20261212
18847_20251214,1,1,1,1,1,1,1,20251214,20261212
18848_20251214,1,1,1,1,1,0,0,20251214,20261212
18849_20251214,1,1,1,1,1,0,0,20251214,20261212
18850_20251214,1,1,1,1,1,0,0,20251214,20261212
18851_20251214,1,1,1,1,1,1,1,20251214,20261212
18852_20251214,1,1,1,1,1,1,1,20251214,20261212
18853_20251214,1,1,1,1,1,0,0,20251214,20261212
18854_20251214,1,1,1,1,1,0,0,20251214,20261212
18855_20251214,1,1,1,1,1,1,1,20251214,20261212
18856_20251214,1,1,1,1,1,0,0,20251214,20261212
18857_20251214,1,1,1,1,1,0,0,20251214,20261212
18858_20251214,1,1,1,1,1,1,1,20251214,20261212
18859_20251214,1,1,1,1,1,1,1,20251214,20261212
18860_20251214,1,1,1,1,1,0,0,20251214,20261212
18861_20260516,1,1,1,1,1,0,0,20260516,20261212
18862_20251214,1,1,1,1,1,0,0,20251214,20261212
18863_20251214,1,1,1,1,1,0,0,20251214,20261212
18864_20251214,1,1,1,1,1,1,1,20251214,20261212
18865_20251214,1,1,1,1,1,1,1,20251214,20261212
18866_20251214,1,1,1,1,1,0,0,20251214,20261212
18867_20260516,1,1,1,1,1,0,0,20260516,20261212
18868_20251214,1,1,1,1,1,0,0,20251214,20261212
18869_20251214,1,1,1,1,1,0,0,20251214,20261212
18870_20251214,1,1,1,1,1,1,1,20251214,20261212
18871_20251214,1,1,1,1,1,1,1,20251214,20261212
18872_20251214,1,1,1,1,1,0,0,20251214,20261212
18873_20260516,1,1,1,1,1,0,0,20260516,20261212
18874_20251214,1,1,1,1,1,0,0,20251214,20261212
18875_20251214,1,1,1,1,1,0,0,20251214,20261212
18876_20251214,1,1,1,1,1,1,1,20251214,20261212
18877_20251214,1,1,1,1,1,1,1,20251214,20261212
18878_20260516,1,1,1,1,1,0,0,20260516,20261212
18879_20260516,1,1,1,1,1,0,0,20260516,20261212
18880_20251214,1,1,1,1,1,0,0,20251214,20261212
18882_20251214,1,1,1,1,1,1,1,20251214,20261212
18883_20251225,1,1,1,1,1,1,1,20251225,20261212
18884_20260516,1,1,1,1,1,0,0,20260516,20261212
18885_20251214,1,1,1,1,1,1,1,20251214,20261212
18886_20251214,1,1,1,1,1,0,0,20251214,20261212
18887_20251225,1,1,1,1,1,1,1,20251225,20261212
18888_20251214,1,1,1,1,1,1,1,20251214,20261212
18889_20251214,1,1,1,1,1,1,1,20251214,20261212
18890_20251225,1,1,1,1,1,0,0,20251225,20261212
18891_20251225,1,1,1,1,1,1,1,20251225,20261212
18892_20251214,1,1,1,1,1,1,1,20251214,20261212
18893_20260516,1,1,1,1,1,1,1,20260516,20261212
18894_20251214,1,1,1,1,1,1,1,20251214,20261212
18895_20251214,1,1,1,1,1,0,0,20251214,20261212
18896_20251225,1,1,1,1,1,1,1,20251225,20261212
18897_20251214,1,1,1,1,1,0,0,20251214,20261212
18898_20251214,1,1,1,1,1,1,1,20251214,20261212
18900_20251225,1,1,1,1,1,1,1,20251225,20261212
18902_20251214,1,1,1,1,1,1,1,20251214,20261212
18904_20251225,1,1,1,1,1,1,1,20251225,20261212
19000_20260811,1,1,1,1,1,1,1,20260811,20261212
19001_20260811,1,1,1,1,1,1,1,20260811,20261212
19002_20260811,1,1,1,1,1,1,1,20260811,20261212
19003_20260811,1,1,1,1,1,1,1,20260811,20261212
19004_20260811,1,1,1,1,1,1,1,20260811,20261212
19005_20260811,1,1,1,1,1,1,1,20260811,20261212
19006_20260811,1,1,1,1,1,1,1,20260811,20261212
19007_20260811,1,1,1,1,1,1,1,20260811,20261212
19008_20260720,1,1,1,1,1,1,0,20260720,20260725
19008_20260727,1,1,1,1,1,1,0,20260727,20260801
19008_20260803,1,1,1,1,1,1,0,20260803,20260808
19008_20260810,1,1,1,1,1,1,1,20260810,20261212
19009_20260720,1,1,1,1,1,1,0,20260720,20260725
19009_20260727,1,1,1,1,1,1,0,20260727,20260801
19009_20260803,1,1,1,1,1,1,0,20260803,20260808
19009_20260810,1,1,1,1,1,1,1,20260810,20261212
19010_20260720,1,1,1,1,1,1,0,20260720,20260725
19010_20260727,1,1,1,1,1,1,0,20260727,20260801
19010_20260803,1,1,1,1,1,1,0,20260803,20260808
19010_20260810,1,1,1,1,1,1,1,20260810,20261212
19011_20260720,1,1,1,1,1,1,0,20260720,20260725
19011_20260727,1,1,1,1,1,1,0,20260727,20260801
19011_20260803,1,1,1,1,1,1,0,20260803,20260808
19011_20260810,1,1,1,1,1,1,1,20260810,20261212
19012_20260720,1,1,1,1,1,1,0,20260720,20260725
19012_20260727,1,1,1,1,1,1,0,20260727,20260801
19012_20260803,1,1,1,1,1,1,0,20260803,20260808
19012_20260810,1,1,1,1,1,1,1,20260810,20261212
19013_20260720,1,1,1,1,1,1,0,20260720,20260725
19013_20260727,1,1,1,1,1,1,0,20260727,20260801
19013_20260803,1,1,1,1,1,1,0,20260803,20260808
19013_20260810,1,1,1,1,1,1,1,20260810,20261212
19014_20260725,0,0,0,0,0,1,0,20260725,20260725
19014_20260801,0,0,0,0,0,1,0,20260801,20260801
19014_20260808,0,0,0,0,0,1,0,20260808,20260808
19014_20260810,1,1,0,0,0,1,1,20260810,20261212
19015_20260725,0,0,0,0,0,1,0,20260725,20260725
19015_20260801,0,0,0,0,0,1,0,20260801,20260801
19015_20260808,0,0,0,0,0,1,0,20260808,20260808
19015_20260810,1,1,0,0,0,1,1,20260810,20261212
19016_20260725,0,0,0,0,0,1,0,20260725,20260725
19016_20260801,0,0,0,0,0,1,0,20260801,20260801
19016_20260808,0,0,0,0,0,1,0,20260808,20260808
19016_20260810,1,1,0,0,0,1,1,20260810,20261212
19017_20260725,0,0,0,0,0,1,0,20260725,20260725
19017_20260801,0,0,0,0,0,1,0,20260801,20260801
19017_20260808,0,0,0,0,0,1,0,20260808,20260808
19017_20260810,1,1,0,0,0,1,1,20260810,20261212
19018_20260725,0,0,0,0,0,1,0,20260725,20260725
19018_20260801,0,0,0,0,0,1,0,20260801,20260801
19018_20260808,0,0,0,0,0,1,0,20260808,20260808
19018_20260810,1,1,0,0,0,1,1,20260810,20261212
19019_20260725,0,0,0,0,0,1,0,20260725,20260725
19019_20260801,0,0,0,0,0,1,0,20260801,20260801
19019_20260808,0,0,0,0,0,1,0,20260808,20260808
19019_20260810,1,1,0,0,0,1,1,20260810,20261212
19020_20260725,0,0,0,0,0,1,0,20260725,20260725
19020_20260801,0,0,0,0,0,1,0,20260801,20260801
19020_20260808,0,0,0,0,0,1,0,20260808,20260808
19020_20260810,1,1,0,0,0,1,1,20260810,20261212
19021_20260706,1,1,0,0,0,1,1,20260706,20261212
19022_20260725,0,0,0,0,0,1,0,20260725,20260725
19022_20260801,0,0,0,0,0,1,0,20260801,20260801
19022_20260808,0,0,0,0,0,1,0,20260808,20260808
19022_20260810,1,1,0,0,0,1,1,20260810,20261212
19023_20260706,1,1,0,0,0,1,1,20260706,20261212
19024_20260706,1,1,0,0,0,1,1,20260706,20261212
19025_20260706,1,1,0,0,0,1,1,20260706,20261212
19026_20260706,1,1,0,0,0,1,1,20260706,20261212
19027_20260706,1,1,0,0,0,1,1,20260706,20261212
19028_20260706,1,1,0,0,0,1,1,20260706,20261212
19029_20260706,1,1,0,0,0,1,1,20260706,20261212
19030_20260706,1,1,0,0,0,1,1,20260706,20261212
19031_20260706,1,1,1,1,1,1,1,20260706,20261212
19032_20260706,1,1,1,1,1,1,1,20260706,20261212
19033_20260706,1,1,1,1,1,1,1,20260706,20261212
19034_20260706,1,1,1,1,1,1,1,20260706,20261212
19035_20260706,1,1,1,1,1,1,1,20260706,20261212
19036_20260706,1,1,1,1,1,1,1,20260706,20261212
19037_20260706,1,1,1,1,1,1,1,20260706,20261212
19038_20260706,1,1,1,1,1,1,1,20260706,20261212
19039_20260706,1,1,1,1,1,1,1,20260706,20261212
19040_20260706,1,1,1,1,1,1,1,20260706,20261212
19041_20260706,1,1,1,1,1,1,1,20260706,20261212
19042_20260706,1,1,1,1,1,1,1,20260706,20261212
19043_20260413,1,1,1,1,1,1,1,20260413,20261212
19044_20260706,1,1,1,1,1,1,1,20260706,20261212
19045_20260413,1,1,1,1,1,1,1,20260413,20261212
19046_20260413,1,1,1,1,1,1,1,20260413,20261212
19047_20260413,1,1,1,1,1,1,1,20260413,20261212
19048_20260413,1,1,1,1,1,1,1,20260413,20261212
19049_20260413,1,1,1,1,1,1,1,20260413,20261212
19050_20260413,1,1,1,1,1,1,1,20260413,20261212
19051_20260413,1,1,1,1,1,1,1,20260413,20261212
19052_20260413,1,1,1,1,1,1,1,20260413,20261212
19053_20260413,1,1,1,1,1,1,1,20260413,20261212
19054_20260413,1,1,1,1,1,1,1,20260413,20261212
19055_20260413,1,1,1,1,1,1,1,20260413,20261212
19056_20260413,1,1,1,1,1,1,1,20260413,20261212
19057_20260413,1,1,1,1,1,1,1,20260413,20261212
19058_20260413,1,1,1,1,1,1,1,20260413,20261212
19059_20260413,1,1,1,1,1,1,1,20260413,20261212
19060_20260413,1,1,1,1,1,1,1,20260413,20261212
19061_20260413,1,1,1,1,1,1,1,20260413,20261212
19062_20260413,1,1,1,1,1,1,1,20260413,20261212
19063_20260413,1,1,1,1,1,1,1,20260413,20261212
19064_20260413,1,1,1,1,1,1,1,20260413,20261212
19065_20260413,1,1,1,1,1,1,1,20260413,20261212
19066_20260413,1,1,1,1,1,1,1,20260413,20261212
19067_20260413,1,1,1,1,1,1,1,20260413,20261212
19068_20260413,1,1,1,1,1,1,1,20260413,20261212
19069_20260413,1,1,1,1,1,1,1,20260413,20261212
19070_20260413,1,1,1,1,1,1,1,20260413,20261212
19071_20260413,1,1,1,1,1,1,1,20260413,20261212
19072_20260413,1,1,1,1,1,1,1,20260413,20261212
19073_20260413,1,1,1,1,1,1,1,20260413,20261212
19074_20260413,1,1,1,1,1,1,1,20260413,20261212
19075_20260413,1,1,1,1,1,1,1,20260413,20261212
19076_20260413,1,1,1,1,1,1,1,20260413,20261212
19077_20260413,1,1,1,1,1,1,1,20260413,20261212
19078_20260413,1,1,1,1,1,1,1,20260413,20261212
19079_20260413,1,1,1,1,1,1,1,20260413,20261212
19080_20260413,1,1,1,1,1,1,1,20260413,20261212
19081_20260413,1,1,1,1,1,1,1,20260413,20261212
19082_20260413,1,1,1,1,1,1,1,20260413,20261212
19083_20260413,1,1,1,1,1,1,1,20260413,20261212
19084_20260413,1,1,1,1,1,1,1,20260413,20261212
19085_20260413,1,1,1,1,1,1,1,20260413,20261212
19086_20260413,1,1,1,1,1,1,1,20260413,20261212
19087_20260725,0,0,0,0,0,1,0,20260725,20260725
19087_20260801,0,0,0,0,0,1,0,20260801,20260801
19087_20260808,0,0,0,0,0,1,0,20260808,20260808
19087_20260810,1,1,0,0,0,1,1,20260810,20261212
19088_20260413,1,1,1,1,1,1,1,20260413,20261212
19089_20260725,0,0,0,0,0,1,0,20260725,20260725
19089_20260801,0,0,0,0,0,1,0,20260801,20260801
19089_20260808,0,0,0,0,0,1,0,20260808,20260808
19089_20260810,1,1,0,0,0,1,1,20260810,20261212
19090_20260725,0,0,0,0,0,1,0,20260725,20260725
19090_20260801,0,0,0,0,0,1,0,20260801,20260801
19090_20260808,0,0,0,0,0,1,0,20260808,20260808
19090_20260810,1,1,0,0,0,1,1,20260810,20261212
19091_20260720,1,1,1,1,1,0,0,20260720,20260724
19091_20260727,1,1,1,1,1,0,0,20260727,20260731
19091_20260803,1,1,1,1,1,0,0,20260803,20260807
19091_20260810,1,1,1,1,1,1,1,20260810,20261212
19093_20260301,1,1,1,1,1,0,0,20260301,20261212
19094_20260725,0,0,0,0,0,1,0,20260725,20260725
19094_20260801,0,0,0,0,0,1,0,20260801,20260801
19094_20260808,0,0,0,0,0,1,0,20260808,20260808
19094_20260810,1,1,0,0,0,1,1,20260810,20261212
19095_20260810,1,1,0,0,0,1,1,20260810,20261212
19096_20260301,1,1,1,1,1,0,0,20260301,20261212
19097_20260301,1,1,1,1,1,0,0,20260301,20261212
19098_20260301,1,1,1,1,1,0,0,20260301,20261212
19099_20260810,1,1,1,1,1,1,1,20260810,20261212
19100_20260810,1,1,0,0,0,1,1,20260810,20261212
19101_20260810,1,1,1,1,1,1,1,20260810,20261212
19102_20260720,1,1,1,1,1,0,0,20260720,20260724
19102_20260727,1,1,1,1,1,0,0,20260727,20260731
19102_20260803,1,1,1,1,1,0,0,20260803,20260807
19102_20260810,1,1,1,1,1,1,1,20260810,20261212
19103_20260810,1,1,1,1,1,1,1,20260810,20261212
19104_20260810,1,1,1,1,1,1,1,20260810,20261212
19105_20260810,1,1,1,1,1,1,1,20260810,20261212
19106_20260810,1,1,1,1,1,1,1,20260810,20261212
19107_20260810,1,1,1,1,1,1,1,20260810,20261212
19108_20260810,1,1,1,1,1,1,1,20260810,20261212
19110_20260810,1,1,1,1,1,1,1,20260810,20261212
19200_20260301,1,1,1,1,1,0,0,20260301,20261212
19201_20260301,1,1,1,1,1,0,0,20260301,20261212
19202_20260301,1,1,1,1,1,0,0,20260301,20261212
19203_20260301,1,1,1,1,1,0,0,20260301,20261212
19204_20260301,1,1,1,1,1,0,0,20260301,20261212
19205_20260301,1,1,1,1,1,0,0,20260301,20261212
19206_20260301,1,1,1,1,1,0,0,20260301,20261212
19207_20260301,1,1,1,1,1,0,0,20260301,20261212
19208_20260301,1,1,1,1,1,0,0,20260301,20261212
19209_20260301,1,1,1,1,1,0,0,20260301,20261212
19210_20260301,1,1,1,1,1,0,0,20260301,20261212
19211_20260301,1,1,1,1,1,0,0,20260301,20261212
19212_20260301,1,1,1,1,1,0,0,20260301,20261212
19213_20260301,1,1,1,1,1,0,0,20260301,20261212
19214_20260301,1,1,1,1,1,0,0,20260301,20261212
19215_20260301,1,1,1,1,1,0,0,20260301,20261212
19216_20260301,1,1,1,1,1,0,0,20260301,20261212
19217_20260301,1,1,1,1,1,0,0,20260301,20261212
19218_20260301,1,1,1,1,1,0,0,20260301,20261212
19219_20260301,1,1,1,1,1,0,0,20260301,20261212
19220_20260301,1,1,1,1,1,0,0,20260301,20261212
19221_20260301,1,1,1,1,1,0,0,20260301,20261212
19222_20260301,1,1,1,1,1,0,0,20260301,20261212
19223_20260301,1,1,1,1,1,0,0,20260301,20261212
19224_20260301,1,1,1,1,1,0,0,20260301,20261212
19225_20260301,1,1,1,1,1,0,0,20260301,20261212
19226_20260301,1,1,1,1,1,0,0,20260301,20261212
19227_20260301,1,1,1,1,1,0,0,20260301,20261212
19228_20260301,1,1,1,1,1,0,0,20260301,20261212
19229_20260301,1,1,1,1,1,0,0,20260301,20261212
19230_20260301,1,1,1,1,1,0,0,20260301,20261212
19231_20260301,1,1,1,1,1,0,0,20260301,20261212
19232_20260301,1,1,1,1,1,0,0,20260301,20261212
19233_20260301,1,1,1,1,1,0,0,20260301,20261212
19234_20260301,1,1,1,1,1,0,0,20260301,20261212
19235_20260301,1,1,1,1,1,0,0,20260301,20261212
19236_20260301,1,1,1,1,1,0,0,20260301,20261212
19237_20260301,1,1,1,1,1,0,0,20260301,20261212
19238_20260301,1,1,1,1,1,0,0,20260301,20261212
19239_20260301,1,1,1,1,1,0,0,20260301,20261212
19240_20260301,1,1,1,1,1,0,0,20260301,20261212
19241_20260301,1,1,1,1,1,0,0,20260301,20261212
19242_20260301,1,1,1,1,1,0,0,20260301,20261212
19243_20260301,1,1,1,1,1,0,0,20260301,20261212
19244_20260301,1,1,1,1,1,0,0,20260301,20261212
19245_20260301,1,1,1,1,1,0,0,20260301,20261212
19246_20260301,1,1,1,1,1,0,0,20260301,20261212
19247_20260301,1,1,1,1,1,0,0,20260301,20261212
19248_20260301,1,1,1,1,1,0,0,20260301,20261212
19249_20260301,1,1,1,1,1,0,0,20260301,20261212
19250_20260301,1,1,1,1,1,0,0,20260301,20261212
19251_20260301,1,1,1,1,1,0,0,20260301,20261212
19252_20260301,1,1,1,1,1,0,0,20260301,20261212
19600_20260301,1,1,1,1,1,0,0,20260301,20261212
19601_20260301,1,1,1,1,1,0,0,20260301,20261212
19602_20260301,1,1,1,1,1,0,0,20260301,20261212
19603_20260301,1,1,1,1,1,0,0,20260301,20261212
19604_20260301,1,1,1,1,1,0,0,20260301,20261212
19605_20260301,1,1,1,1,1,0,0,20260301,20261212
19606_20260301,1,1,1,1,1,0,0,20260301,20261212
19607_20260301,1,1,1,1,1,0,0,20260301,20261212
19608_20260301,1,1,1,1,1,0,0,20260301,20261212
19609_20260301,1,1,1,1,1,0,0,20260301,20261212
19610_20260301,1,1,1,1,1,0,0,20260301,20261212
19611_20260301,1,1,1,1,1,0,0,20260301,20261212
19612_20260301,1,1,1,1,1,0,0,20260301,20261212
19613_20260301,1,1,1,1,1,0,0,20260301,20261212
19614_20260301,1,1,1,1,1,0,0,20260301,20261212
19615_20260301,1,1,1,1,1,0,0,20260301,20261212
19616_20260301,1,1,1,1,1,0,0,20260301,20261212
19617_20260301,1,1,1,1,1,0,0,20260301,20261212
19618_20260301,1,1,1,1,1,0,0,20260301,20261212
19619_20260301,1,1,1,1,1,0,0,20260301,20261212
19620_20260301,1,1,1,1,1,0,0,20260301,20261212
19621_20260301,1,1,1,1,1,0,0,20260301,20261212
19622_20260301,1,1,1,1,1,0,0,20260301,20261212
19623_20260301,1,1,1,1,1,0,0,20260301,20261212
19624_20260301,1,1,1,1,1,0,0,20260301,20261212
19625_20260301,1,1,1,1,1,0,0,20260301,20261212
19626_20260301,1,1,1,1,1,0,0,20260301,20261212
19627_20260301,1,1,1,1,1,0,0,20260301,20261212
19628_20260301,1,1,1,1,1,0,0,20260301,20261212
19629_20260301,1,1,1,1,1,0,0,20260301,20261212
19630_20260301,1,1,1,1,1,0,0,20260301,20261212
19631_20260301,1,1,1,1,1,0,0,20260301,20261212
19632_20260301,1,1,1,1,1,0,0,20260301,20261212
19633_20260301,1,1,1,1,1,0,0,20260301,20261212
19634_20260301,1,1,1,1,1,0,0,20260301,20261212
19635_20260301,1,1,1,1,1,0,0,20260301,20261212
19636_20260301,1,1,1,1,1,0,0,20260301,20261212
19637_20260301,1,1,1,1,1,0,0,20260301,20261212
19638_20260301,1,1,1,1,1,0,0,20260301,20261212
19639_20260301,1,1,1,1,1,0,0,20260301,20261212
19640_20260301,1,1,1,1,1,0,0,20260301,20261212
19641_20260301,1,1,1,1,1,0,0,20260301,20261212
19642_20260301,1,1,1,1,1,0,0,20260301,20261212
19643_20260301,1,1,1,1,1,0,0,20260301,20261212
19644_20260301,1,1,1,1,1,0,0,20260301,20261212
19645_20260301,1,1,1,1,1,0,0,20260301,20261212
19646_20260301,1,1,1,1,1,0,0,20260301,20261212
19647_20260301,1,1,1,1,1,0,0,20260301,20261212
19648_20260301,1,1,1,1,1,0,0,20260301,20261212
19649_20260301,1,1,1,1,1,0,0,20260301,20261212
19650_20260301,1,1,1,1,1,0,0,20260301,20261212
19651_20260301,1,1,1,1,1,0,0,20260301,20261212
19652_20260301,1,1,1,1,1,0,0,20260301,20261212
19653_20260301,1,1,1,1,1,0,0,20260301,20261212
21810_20260719,1,1,1,1,1,0,0,20260719,20261212
21811_20260719,1,1,1,1,1,0,0,20260719,20261212
21812_20260719,1,1,0,0,0,1,1,20260719,20261212
21813_20260719,1,1,0,0,0,1,1,20260719,20261212
21830_20260725,0,0,0,0,0,1,0,20260725,20260725
21831_20260726,0,0,0,0,0,0,1,20260726,20260726
24617_20260725,0,0,0,0,0,1,0,20260725,20260725
24668_20260725,0,0,0,0,0,1,0,20260725,20260725
24684_20260725,0,0,0,0,0,1,0,20260725,20260725
25404_20260725,0,0,0,0,0,1,0,20260725,20260725
25405_20260725,0,0,0,0,0,1,0,20260725,20260725
25421_20260726,0,0,0,0,0,0,1,20260726,20260726
25600_20260316,1,1,1,1,1,1,0,20260316,20261212
25601_20260316,1,1,1,1,1,1,1,20260316,20261212
25620_20260316,1,1,1,1,1,1,1,20260316,20261212
25621_20260316,1,1,1,1,1,1,1,20260316,20261212
25622_20260316,1,1,1,1,1,1,1,20260316,20261212
25623_20260316,1,1,1,1,1,1,1,20260316,20261212
25624_20260316,1,1,1,1,1,1,1,20260316,20261212
25625_20260316,1,1,1,1,1,1,1,20260316,20261212
25673_20260316,1,1,1,1,1,1,1,20260316,20261212
25682_20260726,0,0,0,0,0,0,1,20260726,20260726
26409_20260719,1,1,1,1,1,1,1,20260719,20261212
26414_20260719,1,1,1,1,1,1,1,20260719,20261212
30810_20260301,1,1,1,1,1,1,1,20260301,20261212
30811_20260301,1,1,1,1,1,0,0,20260301,20261212
30813_20260301,1,1,1,1,1,1,1,20260301,20261212
36400_20260322,1,1,1,1,1,1,1,20260322,20261212
36403_20260322,1,1,1,1,1,1,1,20260322,20261212
36404_20260322,1,1,1,1,1,1,1,20260322,20261212
36405_20260322,1,1,1,1,1,0,0,20260322,20261212
36406_20260322,1,1,1,1,1,1,1,20260322,20261212
36407_20260322,1,1,1,1,1,1,1,20260322,20261212
36408_20260322,1,1,1,1,1,1,1,20260322,20261212
36409_20260322,1,1,1,1,1,1,1,20260322,20261212
36410_20260322,1,1,1,1,1,1,1,20260322,20261212
36411_20260322,1,1,1,1,1,1,1,20260322,20261212
36412_20260322,1,1,1,1,1,1,1,20260322,20261212
36413_20260322,1,1,1,1,1,1,1,20260322,20261212
36414_20260322,1,1,1,1,1,1,1,20260322,20261212
36415_20260322,1,1,1,1,1,1,1,20260322,20261212
36417_20260322,1,1,1,1,1,1,1,20260322,20261212
36466_20260706,1,1,1,1,1,0,0,20260706,20260821
36830_20260725,0,0,0,0,0,1,0,20260725,20260725
39000_20260720,1,1,1,1,1,1,1,20260720,20260810
39001_20260720,1,1,1,1,1,1,1,20260720,20260810
39002_20260720,1,1,1,1,1,1,1,20260720,20260810
39003_20260720,1,1,1,1,1,1,1,20260720,20260810
39004_20260720,1,1,1,1,1,1,1,20260720,20260810
39005_20260720,1,1,1,1,1,1,1,20260720,20260810
39006_20260720,1,1,1,1,1,1,1,20260720,20260810
39007_20260720,1,1,1,1,1,1,1,20260720,20260810
39008_20260719,0,0,0,0,0,0,1,20260719,20260809
39009_20260719,0,0,0,0,0,0,1,20260719,20260809
39010_20260719,0,0,0,0,0,0,1,20260719,20260809
39011_20260719,0,0,0,0,0,0,1,20260719,20260809
39012_20260719,0,0,0,0,0,0,1,20260719,20260809
39013_20260719,0,0,0,0,0,0,1,20260719,20260809
39014_20260719,0,0,0,0,0,0,1,20260719,20260809
39015_20260719,0,0,0,0,0,0,1,20260719,20260809
39016_20260719,0,0,0,0,0,0,1,20260719,20260809
39017_20260719,0,0,0,0,0,0,1,20260719,20260809
39018_20260719,0,0,0,0,0,0,1,20260719,20260809
39019_20260719,0,0,0,0,0,0,1,20260719,20260809
39020_20260719,0,0,0,0,0,0,1,20260719,20260809
39022_20260719,0,0,0,0,0,0,1,20260719,20260809
39087_20260719,0,0,0,0,0,0,1,20260719,20260809
39089_20260719,0,0,0,0,0,0,1,20260719,20260809
39090_20260719,0,0,0,0,0,0,1,20260719,20260809
39091_20260719,0,0,0,0,0,1,1,20260719,20260809
39094_20260719,0,0,0,0,0,0,1,20260719,20260809
39095_20260719,0,0,0,0,0,1,1,20260719,20260809
39099_20260719,1,1,1,1,1,1,1,20260719,20260809
39100_20260719,0,0,0,0,0,1,1,20260719,20260809
39101_20260719,1,1,1,1,1,1,1,20260719,20260809
39102_20260719,0,0,0,0,0,1,1,20260719,20260809
39103_20260719,1,1,1,1,1,1,1,20260719,20260809
39104_20260719,1,1,1,1,1,1,1,20260719,20260809
39105_20260719,1,1,1,1,1,1,1,20260719,20260809
39106_20260719,1,1,1,1,1,1,1,20260719,20260809
39107_20260719,1,1,1,1,1,1,1,20260719,20260809
39108_20260719,1,1,1,1,1,1,1,20260719,20260809
39110_20260719,1,1,1,1,1,1,1,20260719,20260809
39400_20260620,0,0,0,0,0,1,0,20260620,20260927
39402_20260620,0,0,0,0,0,1,0,20260620,20260927
39404_20260620,0,0,0,0,0,0,1,20260620,20260927
39406_20260620,0,0,0,0,0,0,1,20260620,20260927
45601_20260610,1,1,1,0,1,1,1,20260610,20261212
55600_20260425,1,1,1,1,1,1,0,20260425,20261212
55601_20260425,1,1,1,1,1,1,1,20260425,20261212
55620_20260425,1,1,1,1,1,1,1,20260425,20261212
55621_20260425,1,1,1,1,1,1,1,20260425,20261212
55622_20260425,1,1,1,1,1,1,1,20260425,20261212
55623_20260425,1,1,1,1,1,1,1,20260425,20261212
55624_20260425,1,1,1,1,1,1,1,20260425,20261212
55625_20260425,1,1,1,1,1,1,1,20260425,20261212
